62,49
0.000000,-1.000000,3.000000,-1.000000,3.000000,-1.000000,8.000000,-1.000000,8.000000,-1.000000,8.000000,-1.000000,7.000000,-1.000000,7.000000,5.000000,7.000000,-1.000000,7.000000,4.000000,-1.000000,6.000000,-1.000000,6.000000,4.000000,0.000000,7.000000,0.000000,7.000000,0.000000,7.000000,-1.000000,0.000000,-1.000000,3.000000,-1.000000,8.000000,-1.000000,8.000000,-1.000000,7.000000,-1.000000,7.000000,5.000000,7.000000,0.000000,-1.000000,0.000000,7.000000
-551.937683,-282.335388,-121.643600,-81.186745,-56.931538,-56.861809,-43.960724,-44.446968,38.174515,95.970711,249.993683,344.280731,381.363190,101.208588,-45.497654,-353.339722,-447.328857,-479.153351,-478.834320,-482.407867,-484.882599,-484.883484,-485.332489,-484.908142,-483.582581,-481.499054,-487.864288,-487.999420,-489.555511,-490.352783,-464.021820,-385.038452,-354.587616,-168.569946,-68.645317,-8.924721,-5.353409,11.193108,113.754768,219.378525,442.005249,89.952942,-137.354996,-437.689087,-474.372467,-472.980591,-469.629425,-435.819183,-439.530396
341.296082,358.707947,456.626984,458.122223,425.391296,420.512787,383.564941,375.167999,378.402832,386.860626,401.550659,397.979614,390.492889,426.473267,395.488281,368.105652,405.864319,354.592224,345.565002,343.611572,338.462402,344.777710,352.250854,342.590454,335.669312,340.906769,331.830811,327.112061,333.490265,347.094788,344.707703,323.497803,327.058990,366.049255,435.581055,424.007446,422.983551,378.849762,386.757751,403.232849,389.031799,432.813965,377.076477,345.473633,398.658875,399.581726,385.997864,373.716797,372.929749
2863.408447,2798.094482,2840.726318,2855.005615,2870.471436,2874.561279,2909.984131,2912.313477,2992.319824,3003.972900,3005.266846,2970.990479,2955.392090,2805.523193,2824.701172,2824.349609,2829.089111,2830.547363,2828.329834,2845.028076,2842.590576,2839.204834,2837.812012,2832.391846,2832.559326,2830.506104,2846.235107,2843.445068,2845.384277,2841.667236,2822.466309,2773.847656,2759.590088,2741.968018,2795.405273,2841.835693,2855.267090,2925.277832,2945.437012,2944.306885,2858.156250,2804.123047,2823.450684,2806.895264,2823.467285,2821.951660,2819.494629,2827.686523,2845.047852
-244.980988,-137.074219,-225.206451,-239.050293,-255.991058,-261.536591,-293.082794,-295.332550,-225.957840,-174.598358,-39.180153,46.072601,83.329689,145.966171,184.223724,-58.656105,-141.037048,-171.246628,-172.066391,-174.766388,-176.473877,-176.756882,-176.284134,-178.821732,-178.668015,-178.911987,-179.798737,-179.657883,-180.856735,-181.537216,-168.529434,-140.673553,-131.016937,-174.785980,-228.142792,-245.633057,-248.066620,-249.500092,-155.626892,-64.620499,172.451813,185.640564,101.468063,-141.024551,-166.933304,-162.451172,-158.255646,-125.398140,-127.350571
319.359680,311.153534,314.361389,294.858063,245.633331,238.485992,195.795395,187.065353,206.931244,226.563324,281.037537,295.218567,294.985992,305.511414,313.662415,311.996368,354.608704,312.791840,307.054565,320.880554,318.216858,325.213745,333.189392,326.007324,321.450348,329.936859,324.875793,321.374634,326.364899,336.580872,324.589203,306.004364,310.900452,314.933655,323.053223,263.869080,256.344086,198.159607,220.833496,261.421997,321.069305,347.797791,354.485962,292.627991,347.974182,355.207520,345.086304,345.527405,346.786652
2941.171143,3071.535889,3102.379150,3070.575439,3039.649658,3034.774658,2964.447510,2960.296875,2949.672852,2957.991943,2957.234131,2992.750244,3000.010254,3088.791748,3004.063477,2926.827148,2895.783447,2896.627441,2901.404541,2921.478760,2916.680420,2914.772217,2909.636719,2916.303467,2921.046143,2927.254150,2924.247314,2920.514893,2920.908203,2916.330322,2935.940430,2972.030273,2980.866455,3042.675537,3043.672852,2976.200928,2970.474609,2920.418945,2919.634766,2942.341064,3002.236328,3083.833496,3031.125488,2906.840088,2885.140137,2872.828613,2868.267578,2889.817383,2898.938965
-387.128601,-262.987549,-234.352417,-234.091034,-244.566177,-248.862427,-275.002197,-278.661194,-208.488037,-148.049835,22.176636,133.591003,177.514618,139.217575,72.548180,-175.921188,-263.231720,-301.054260,-303.412933,-318.924683,-318.917542,-317.924835,-318.288086,-320.284424,-321.271881,-322.946289,-330.703766,-330.151917,-331.779816,-329.941467,-311.348511,-280.895050,-271.429199,-223.180786,-214.388947,-220.744598,-220.543976,-233.243622,-129.868011,-10.925629,274.608276,142.157074,-25.245085,-262.105255,-292.457001,-292.029938,-290.017059,-265.022186,-271.509186
540.011780,524.873657,567.808228,553.580872,509.118225,500.403931,454.563629,446.164337,459.073059,474.590759,526.507874,541.516541,540.425720,552.775269,544.431519,547.579041,587.692383,543.278015,536.841431,542.760925,539.640015,545.674438,553.755798,546.590210,540.272583,547.751648,540.707642,537.594788,542.819580,553.388306,544.818420,517.643005,518.861206,538.276123,572.563721,527.328491,519.078735,457.057281,480.139648,517.039795,560.725647,587.823486,571.830017,526.520508,580.859131,586.574829,575.048950,570.880127,568.731689
2926.103516,2998.813232,3050.566406,3042.908203,3033.910645,3033.629395,3008.790527,3006.552490,3031.664551,3051.706299,3043.454590,3044.177979,3037.497803,3031.873535,2999.518555,2907.846680,2889.742432,2888.414795,2887.886475,2911.036377,2899.485840,2893.390625,2890.344482,2887.865723,2888.094482,2888.423828,2903.773193,2895.535156,2902.918701,2897.458984,2904.991943,2912.817383,2912.560059,2930.675293,2967.187988,2958.899414,2970.181885,2980.906494,2982.293213,3001.612549,2972.337158,3010.039551,2969.289307,2891.607422,2887.695801,2877.229004,2871.261475,2886.575439,2907.330078
-408.310791,-161.522980,-104.622833,-75.369217,-54.006100,-55.280128,-51.324341,-51.654789,26.203304,74.070389,193.378387,260.110870,289.668335,108.886650,58.073456,-234.943909,-325.134491,-349.813110,-347.858582,-339.547485,-342.158661,-342.474213,-342.475647,-342.327759,-340.149414,-336.834290,-336.144653,-336.024536,-337.345215,-340.761597,-323.742676,-248.897232,-218.464478,-120.655655,-77.048340,-26.893391,-24.654268,1.212385,93.014091,171.060242,342.658875,130.116302,-8.779511,-317.605042,-350.425079,-344.036621,-338.451904,-295.593811,-296.167114
115.475052,133.131638,195.319092,193.214630,157.771774,152.539459,117.380615,109.009422,120.933670,132.426941,150.752991,147.260712,140.579834,166.709106,152.972260,128.354523,167.231262,119.788132,111.995300,117.099220,112.695343,119.195221,126.841057,118.256668,112.437988,119.208527,112.287209,108.062599,113.960800,125.867783,119.327682,102.252319,108.243950,133.420410,180.147415,157.822464,155.968658,116.223549,126.053574,145.472534,144.643372,182.828735,152.420486,106.557678,160.659821,164.208130,151.848236,144.980499,146.011734
2880.568848,2874.124268,2895.382812,2886.046875,2886.755859,2886.372070,2879.264648,2879.817383,2917.686523,2921.376221,2929.696045,2930.380127,2927.857910,2864.381836,2836.869629,2842.916016,2840.883301,2842.966309,2845.993896,2863.389893,2868.499023,2868.639160,2866.635742,2869.818359,2873.170898,2875.097168,2875.113770,2874.672852,2871.515137,2868.509277,2860.473145,2836.970459,2830.249512,2858.177490,2875.099854,2864.048828,2862.173340,2871.613525,2885.862549,2888.775146,2897.231934,2883.544189,2893.540527,2828.360840,2827.950195,2822.101562,2821.102539,2836.236328,2841.977051
-321.800079,-67.650566,-67.648979,-40.358337,-13.968971,-15.599358,-12.246529,-12.090111,63.466640,102.484955,190.378662,231.379562,253.364136,108.250076,117.792801,-171.127670,-259.827362,-277.659180,-273.912811,-253.895737,-256.773132,-257.353180,-257.067749,-256.667938,-253.397766,-248.423981,-241.698318,-241.372345,-242.521011,-248.576447,-238.269379,-159.294861,-124.776222,-71.795097,-55.860023,-0.783577,1.246712,39.767776,122.284500,175.583313,293.312073,152.723541,75.383270,-252.695251,-283.641602,-272.812927,-265.166138,-213.091110,-210.839294
-106.264214,-83.625252,-38.578979,-41.500885,-76.334518,-81.550583,-113.799637,-122.081253,-104.573029,-92.197937,-77.700401,-84.354340,-91.582901,-70.583923,-73.923950,-101.004379,-61.882141,-107.252541,-114.415070,-105.186111,-109.307732,-102.749863,-95.025398,-102.993279,-108.150131,-100.450279,-105.963371,-109.920242,-104.244080,-93.404770,-102.320877,-115.661575,-107.504112,-91.427025,-54.409088,-78.542480,-80.012032,-112.761597,-103.846542,-85.902199,-87.138672,-51.558289,-68.034454,-122.529968,-67.915115,-62.917313,-74.694977,-78.513992,-76.046173
2883.259766,2899.441895,2899.627686,2877.223145,2871.499512,2868.360107,2838.392090,2838.375732,2851.002686,2847.330078,2863.031006,2885.724609,2892.031250,2870.617432,2814.799316,2842.501953,2840.290283,2843.112549,2850.072998,2867.534912,2880.632812,2884.023682,2882.107910,2891.640381,2897.333496,2901.701660,2889.489014,2891.572754,2883.606445,2881.472168,2877.433594,2862.349854,2858.909668,2928.609619,2908.733643,2861.241211,2847.623779,2818.853760,2831.078369,2833.609131,2909.582275,2911.645996,2925.010254,2831.238525,2820.966064,2812.794678,2813.642334,2833.232910,2828.887695
-514.524414,-159.031723,-3.992294,59.118496,110.867157,112.877235,143.992676,145.250458,229.129913,272.424255,372.321350,418.710571,440.616333,80.121765,-24.225056,-356.652130,-452.344666,-471.193298,-466.620819,-447.119934,-450.505066,-450.903290,-451.218201,-448.913239,-444.949280,-438.502106,-435.217255,-435.068512,-436.447601,-442.579956,-424.150085,-310.582062,-263.477142,-67.471611,44.454769,147.767776,153.556244,203.388763,291.644012,353.899597,462.866394,92.148163,-74.614380,-439.011292,-476.752930,-467.901794,-460.756409,-408.066803,-406.948181
-92.491341,-53.709656,48.867004,61.379120,36.397018,32.709641,3.961777,-4.114410,2.973602,8.481750,-1.875824,-19.800995,-31.576645,5.435669,-23.337738,-65.679550,-29.665833,-80.979004,-90.223267,-90.909149,-96.590157,-90.460709,-83.050613,-92.577827,-99.217575,-93.559242,-101.594414,-106.316071,-99.767883,-86.799759,-89.665268,-104.831314,-97.479515,-55.874283,16.364502,21.955780,24.559021,0.646439,0.469589,3.137482,-44.388947,2.261475,-53.846008,-89.340973,-36.078629,-35.039413,-48.996277,-60.808212,-59.623291
2834.436035,2727.424805,2738.798096,2741.383301,2765.402832,2767.792236,2804.234863,2808.283447,2877.750732,2876.209961,2893.252197,2872.055176,2863.998047,2692.594971,2703.914551,2777.985352,2798.370361,2801.577881,2804.168213,2819.517822,2834.092285,2836.555908,2836.986328,2838.937744,2841.744629,2840.926758,2840.483643,2843.158691,2836.161621,2834.567383,2806.052246,2739.654053,2721.631836,2719.456787,2752.587646,2776.917480,2775.327881,2821.903564,2847.300049,2834.843506,2818.952881,2734.574219,2794.575684,2768.469482,2782.227295,2780.831299,2783.005615,2794.208496,2795.033691
0.000000,0.000000,0.000000,0.000000,0.000000,0.000000,0.000000,0.000000,0.000000,0.000000,0.000000,0.000000,0.000000,0.000000,0.000000,0.000000,0.000000,0.000000,0.000000,0.000000,0.000000,0.000000,0.000000,0.000000,0.000000,0.000000,0.000000,0.000000,0.000000,0.000000,0.000000,0.000000,0.000000,0.000000,0.000000,0.000000,0.000000,0.000000,0.000000,0.000000,0.000000,0.000000,0.000000,0.000000,0.000000,0.000000,0.000000,0.000000,0.000000
0.000000,0.000000,0.000000,0.000000,0.000000,0.000000,0.000000,0.000000,0.000000,0.000000,0.000000,0.000000,0.000000,0.000000,0.000000,0.000000,0.000000,0.000000,0.000000,0.000000,0.000000,0.000000,0.000000,0.000000,0.000000,0.000000,0.000000,0.000000,0.000000,0.000000,0.000000,0.000000,0.000000,0.000000,0.000000,0.000000,0.000000,0.000000,0.000000,0.000000,0.000000,0.000000,0.000000,0.000000,0.000000,0.000000,0.000000,0.000000,0.000000
0.000000,0.000000,0.000000,0.000000,0.000000,0.000000,0.000000,0.000000,0.000000,0.000000,0.000000,0.000000,0.000000,0.000000,0.000000,0.000000,0.000000,0.000000,0.000000,0.000000,0.000000,0.000000,0.000000,0.000000,0.000000,0.000000,0.000000,0.000000,0.000000,0.000000,0.000000,0.000000,0.000000,0.000000,0.000000,0.000000,0.000000,0.000000,0.000000,0.000000,0.000000,0.000000,0.000000,0.000000,0.000000,0.000000,0.000000,0.000000,0.000000
-572.245789,-143.184845,99.952423,131.439697,142.769104,158.893127,203.213135,208.101410,286.720154,327.223083,439.086731,508.989349,536.062073,86.915894,-53.659317,-354.102112,-453.017303,-601.709839,-603.372375,-546.097412,-537.294189,-537.152466,-540.069397,-565.448608,-572.231323,-540.831116,-510.496704,-497.243225,-485.630402,-479.657013,-464.462860,-310.650238,-260.706818,-104.174103,98.218178,195.323212,148.766144,262.137878,346.269531,430.586365,572.772095,65.264885,-190.086349,-551.680298,-564.415161,-550.640137,-553.311279,-518.388977,-519.664185
67.362244,120.115295,168.401733,184.300354,222.098038,228.030792,246.255096,247.606293,252.736603,252.100281,220.775482,192.135834,178.059708,144.426727,112.798126,85.185425,123.180695,28.762207,12.891113,66.952911,65.007324,76.508392,88.248016,87.206528,76.105072,77.632782,70.828125,67.910187,69.463165,85.114380,88.498688,93.715973,99.423111,151.398987,151.957520,171.690109,207.988632,249.667145,258.500854,243.733276,164.518936,151.443970,24.940704,53.137878,100.006622,122.466400,118.226074,120.610229,69.478943
2783.529785,2762.766846,2745.923096,2712.794922,2694.678223,2690.858643,2731.470459,2743.237793,2786.822021,2781.850342,2755.358154,2742.627441,2742.096924,2788.485352,2816.672119,2823.725830,2818.967773,2835.344727,2827.191406,2796.912109,2783.712402,2781.850586,2783.425781,2755.208984,2755.111572,2794.515381,2773.490234,2767.238037,2764.614258,2765.915283,2750.065186,2725.721680,2722.401611,2707.296631,2754.760498,2724.782959,2702.933350,2754.060547,2752.403076,2733.074463,2682.951660,2787.806641,2811.959229,2771.246094,2768.262207,2775.772217,2768.868652,2783.618408,2782.112549
-177.238068,-67.708992,-155.594727,-194.534073,-237.900208,-247.088028,-288.372620,-291.566498,-225.751328,-174.492752,-39.153004,46.086060,83.340279,145.965424,184.222977,-8.753483,-69.586777,-102.233780,-102.139107,-106.552696,-101.918129,-101.466476,-103.224831,-106.523987,-106.270851,-100.958443,-83.372498,-87.182762,-93.603607,-101.645973,-94.838905,-66.645966,-70.162979,-149.259171,-221.004013,-243.733215,-246.545212,-249.244064,-155.599976,-64.612236,172.452545,185.639816,143.856796,-54.041481,-98.875450,-100.815872,-83.400063,-71.335442,-27.659279
21.536713,41.080444,40.319458,15.600342,-36.671295,-44.040710,-87.084122,-95.829391,-75.990631,-56.358612,-1.884491,12.296539,12.063965,22.589386,30.740387,55.798401,28.469238,-2.894592,-7.457062,80.002472,87.733643,103.362747,120.186600,108.758453,105.377457,65.084412,0.943848,-0.524292,10.229736,23.308136,31.126953,45.971283,58.488602,35.378265,40.363373,-19.036957,-26.567657,-84.762085,-62.088531,-21.500031,38.147278,64.875763,1.552063,-37.363251,41.603699,101.100754,106.557449,92.154175,41.568451
2888.316162,3118.238525,3092.377686,3061.729492,3034.994385,3030.937744,2963.091553,2959.204590,2949.611328,2957.960449,2957.225830,2992.746094,3000.006836,3088.791748,3004.063477,2861.269287,2953.309814,2967.242188,2962.148926,2918.401367,2930.366211,2939.183105,2953.588135,2965.791260,2964.407715,2954.969727,2934.491699,2932.745361,2930.380127,2948.338623,3001.969238,3127.033936,3093.249268,3077.917725,3052.633301,2978.528076,2972.334961,2920.730225,2919.668213,2942.352051,3002.238281,3083.833496,3070.719727,2902.408447,2881.523926,2870.939453,2872.468018,2870.233154,2860.762207
-359.317902,109.579788,118.117775,79.414589,266.002869,365.889587,500.064484,505.382050,586.935059,622.536011,724.849487,770.116455,783.085266,181.285446,17.437881,-332.573669,-434.205444,-698.710205,-691.948975,-442.652496,-425.878174,-426.079468,-425.391418,-416.365662,-410.570801,-383.378601,-258.785095,-239.297089,-224.729401,-213.312195,-186.851166,-36.292114,6.190887,141.531982,136.653870,163.053421,212.247055,561.197083,650.214844,720.655457,821.151672,151.881897,-141.966858,-613.476868,-486.507019,-392.424194,-381.571838,-363.922333,-422.846497
65.821770,212.097443,289.772186,314.604797,226.532455,197.033127,177.186142,174.832550,148.528870,134.916916,67.014160,6.640717,-24.643097,-122.219238,-160.965668,-196.780029,-140.981262,-268.446106,-290.796173,88.181747,228.667374,272.717560,306.603271,278.782227,236.138596,73.978577,123.747520,131.765106,147.630646,166.171127,143.632874,187.592361,199.749969,204.370453,289.567505,264.959106,232.500610,193.398956,167.069794,112.110321,-31.852539,-117.866699,-236.895264,-244.035797,-120.872147,110.117661,179.988358,218.505783,-99.169281
2619.178955,2860.062500,2992.626709,2988.304932,2753.859131,2715.736572,2683.697998,2684.750000,2734.086182,2734.472412,2765.203613,2779.062744,2794.075439,2794.742676,2810.103027,2815.101318,2719.427002,2766.555908,2760.650635,2546.364990,2611.805664,2640.375244,2667.803467,2637.164307,2611.100098,2571.380615,2680.687500,2690.479736,2705.944092,2724.911621,2712.239746,2764.967041,2786.580811,2887.263672,3017.821289,2852.012451,2793.117188,2723.435791,2710.333740,2717.971924,2730.511230,2784.046631,2753.979004,2685.737305,2602.948242,2582.977783,2598.824219,2598.034424,2582.704834
-167.043640,106.401711,12.857666,-52.957825,-142.133698,-160.665573,-237.273392,-245.619888,-214.230331,-166.110107,-34.709599,49.322514,86.252464,146.078598,184.306686,-34.379272,-61.161793,-21.947845,-20.074814,-124.175911,-134.833633,-138.445923,-141.162430,-118.056526,-111.369911,-59.982517,-13.343475,-10.609085,-13.108078,-22.020325,7.847527,87.193832,68.694229,-58.767067,-171.495667,-217.328201,-222.783249,-239.038681,-152.049225,-62.516647,173.353271,185.664337,171.941010,-1.107700,-127.725243,-165.034515,-169.822906,-132.536255,-67.547089
-248.729492,-58.818344,-111.549973,-178.659668,-280.142059,-294.855408,-358.663025,-369.551208,-358.315002,-338.962921,-284.716736,-270.577698,-270.819305,-260.332245,-252.181274,-66.916267,-199.086929,-296.202057,-302.261719,90.956200,232.694748,288.620728,322.068054,258.199707,205.475067,-37.060295,-260.057831,-278.125305,-274.888153,-264.295319,-200.499115,-65.803520,-79.339874,-193.694092,-226.983978,-297.530518,-305.900818,-367.018005,-344.929443,-304.393768,-244.769562,-218.045898,-250.662155,-330.793549,-127.409210,118.145187,190.383728,162.423874,-136.734344
2766.196289,2932.734863,2923.249756,2912.518066,2927.311523,2932.612061,2902.440186,2904.340332,2935.291748,2947.502686,2951.656494,2988.683594,2996.350098,3088.652100,3003.961670,2723.343750,2799.322510,2896.798340,2896.621094,2652.354248,2707.056641,2737.849365,2753.262939,2721.254883,2701.194580,2711.181641,2816.808838,2835.758057,2857.038818,2868.780518,2822.707520,2903.696289,2888.879883,2938.698975,2974.408447,2936.232910,2934.214844,2904.227783,2913.904053,2938.947266,3000.772217,3083.800537,2976.233643,2807.089844,2646.317871,2609.149414,2630.551758,2612.245605,2662.524414
0.000000,0.000000,0.000000,0.000000,0.000000,0.000000,0.000000,0.000000,0.000000,0.000000,0.000000,0.000000,0.000000,0.000000,0.000000,0.000000,0.000000,0.000000,0.000000,0.000000,0.000000,0.000000,0.000000,0.000000,0.000000,0.000000,0.000000,0.000000,0.000000,0.000000,0.000000,0.000000,0.000000,0.000000,0.000000,0.000000,0.000000,0.000000,0.000000,0.000000,0.000000,0.000000,0.000000,0.000000,0.000000,0.000000,0.000000,0.000000,0.000000
0.000000,0.000000,0.000000,0.000000,0.000000,0.000000,0.000000,0.000000,0.000000,0.000000,0.000000,0.000000,0.000000,0.000000,0.000000,0.000000,0.000000,0.000000,0.000000,0.000000,0.000000,0.000000,0.000000,0.000000,0.000000,0.000000,0.000000,0.000000,0.000000,0.000000,0.000000,0.000000,0.000000,0.000000,0.000000,0.000000,0.000000,0.000000,0.000000,0.000000,0.000000,0.000000,0.000000,0.000000,0.000000,0.000000,0.000000,0.000000,0.000000
0.000000,0.000000,0.000000,0.000000,0.000000,0.000000,0.000000,0.000000,0.000000,0.000000,0.000000,0.000000,0.000000,0.000000,0.000000,0.000000,0.000000,0.000000,0.000000,0.000000,0.000000,0.000000,0.000000,0.000000,0.000000,0.000000,0.000000,0.000000,0.000000,0.000000,0.000000,0.000000,0.000000,0.000000,0.000000,0.000000,0.000000,0.000000,0.000000,0.000000,0.000000,0.000000,0.000000,0.000000,0.000000,0.000000,0.000000,0.000000,0.000000
0.000000,0.000000,0.000000,0.000000,0.000000,0.000000,0.000000,0.000000,0.000000,0.000000,0.000000,0.000000,0.000000,0.000000,0.000000,0.000000,0.000000,0.000000,0.000000,0.000000,0.000000,0.000000,0.000000,0.000000,0.000000,0.000000,0.000000,0.000000,0.000000,0.000000,0.000000,0.000000,0.000000,0.000000,0.000000,0.000000,0.000000,0.000000,0.000000,0.000000,0.000000,0.000000,0.000000,0.000000,0.000000,0.000000,0.000000,0.000000,0.000000
0.000000,0.000000,0.000000,0.000000,0.000000,0.000000,0.000000,0.000000,0.000000,0.000000,0.000000,0.000000,0.000000,0.000000,0.000000,0.000000,0.000000,0.000000,0.000000,0.000000,0.000000,0.000000,0.000000,0.000000,0.000000,0.000000,0.000000,0.000000,0.000000,0.000000,0.000000,0.000000,0.000000,0.000000,0.000000,0.000000,0.000000,0.000000,0.000000,0.000000,0.000000,0.000000,0.000000,0.000000,0.000000,0.000000,0.000000,0.000000,0.000000
0.000000,0.000000,0.000000,0.000000,0.000000,0.000000,0.000000,0.000000,0.000000,0.000000,0.000000,0.000000,0.000000,0.000000,0.000000,0.000000,0.000000,0.000000,0.000000,0.000000,0.000000,0.000000,0.000000,0.000000,0.000000,0.000000,0.000000,0.000000,0.000000,0.000000,0.000000,0.000000,0.000000,0.000000,0.000000,0.000000,0.000000,0.000000,0.000000,0.000000,0.000000,0.000000,0.000000,0.000000,0.000000,0.000000,0.000000,0.000000,0.000000
-620.980530,-11.702271,465.612976,536.163025,573.537781,584.512573,563.744385,568.664917,709.948120,684.035522,756.638977,683.115906,674.384338,191.440933,3.778852,-522.276001,-556.272827,-549.103882,-554.085083,-554.561096,-574.466431,-574.951538,-573.739014,-560.220398,-564.515198,-576.253540,-572.058594,-573.207153,-574.177490,-574.204346,-513.092407,-431.023773,-375.179626,166.891632,526.988831,583.072205,591.783813,625.015137,721.665466,768.588745,758.985901,279.286499,-205.517670,-575.101135,-567.374939,-527.151855,-514.526245,-513.342834,-490.040497
-511.245789,-516.902161,-97.609314,-5.399429,51.250092,57.304787,48.321136,51.938869,46.738071,15.516426,-195.132050,-346.329010,-385.383667,-412.479706,-449.710358,-462.859985,-448.996490,-500.461823,-508.617584,-507.338470,-509.331146,-503.426453,-497.247681,-507.912781,-510.662354,-501.370972,-508.382874,-512.697449,-507.071075,-498.180237,-511.149536,-520.277100,-516.308533,-473.564880,-98.384926,38.431572,39.054337,76.722969,24.739367,-45.675266,-354.717926,-415.437775,-402.644470,-495.614990,-458.577942,-463.275635,-477.994934,-480.060608,-484.011108
2829.060059,2714.181152,2887.679199,2974.130127,3062.729736,3059.249756,2901.094727,2864.590576,2934.901123,3022.513428,2991.363770,2857.064941,2842.862793,2687.126221,2657.727051,2760.641357,2781.811279,2731.098389,2738.612061,2775.745605,2798.089844,2801.994385,2817.920166,2793.480225,2784.400879,2798.492676,2787.029541,2789.158447,2788.376465,2827.807373,2840.019531,2781.595947,2748.052979,2739.483643,2953.259033,3031.076904,3025.261963,2780.781006,2851.000488,2951.007568,2815.379150,2682.687256,2640.737305,2730.336182,2776.091309,2786.189941,2778.504150,2810.100098,2802.224121
-185.516907,-0.950706,4.281181,43.307098,97.859154,103.672318,136.085114,144.244751,199.218765,190.284882,230.846725,238.108856,243.095291,75.793747,45.774078,-110.139694,-143.148010,-131.976288,-128.521027,-120.602402,-114.321213,-114.623184,-117.563400,-129.605774,-125.931465,-128.689575,-120.677513,-124.245987,-126.317818,-138.106689,-67.748795,43.543594,54.588982,-16.188011,24.873238,88.508995,90.896713,164.095581,201.494278,224.537308,311.699799,87.822990,-9.804680,-137.546570,-144.609863,-139.825256,-133.387222,-118.511070,-132.148254
-513.694031,-505.361481,-461.664948,-461.040039,-483.409790,-484.477844,-511.555176,-517.287292,-505.571594,-508.958679,-502.172760,-510.012238,-518.307007,-500.114014,-492.251038,-524.945374,-477.722168,-514.256226,-521.741211,-516.601257,-517.311218,-510.839417,-504.136475,-516.241272,-521.463379,-515.984741,-521.262939,-526.362488,-520.878906,-510.458862,-498.935669,-494.628235,-496.420776,-531.561890,-473.631989,-490.004059,-493.056580,-516.924927,-515.584290,-509.861664,-503.310486,-476.093231,-484.564026,-535.369507,-475.073303,-470.971802,-484.045105,-497.609619,-496.385406
2930.134766,2949.708984,2860.423096,2816.897949,2778.306641,2766.647217,2755.098633,2757.848633,2766.811035,2775.444580,2790.483643,2810.246094,2824.776367,2879.698486,2857.864746,2794.017578,2858.332275,2832.173096,2844.064209,2877.692139,2898.601562,2899.606201,2900.531982,2906.909180,2904.796875,2914.209717,2890.654053,2895.081055,2892.402100,2911.674805,2867.343994,2904.025635,2910.715088,2935.864014,2839.203613,2761.879150,2755.470703,2727.520752,2724.998047,2766.968750,2794.116943,2877.679932,2846.187500,2784.505859,2856.576172,2865.923828,2859.919189,2882.400146,2894.042480
-721.784241,-408.567474,328.369843,528.352234,784.612122,842.549805,1093.112061,1133.364990,1228.151733,1046.960693,828.013550,809.328918,799.642395,-68.263474,-301.579468,-700.815857,-676.296753,-657.504761,-660.212402,-657.014709,-665.366028,-666.451965,-667.828857,-661.319275,-659.491089,-674.253174,-665.951172,-668.354004,-671.633240,-678.853027,-657.148804,-642.648071,-639.463623,-230.795288,357.029572,769.479065,833.987244,1216.588623,1267.744141,927.886963,825.734436,67.217804,-522.590454,-683.190186,-665.141724,-644.174866,-634.530273,-633.991638,-622.903137
-933.640625,-707.278687,-383.913452,-330.725464,-190.145294,-151.392914,9.998299,28.691002,-25.920330,-168.476685,-601.053284,-823.587402,-863.895630,-889.607178,-888.294250,-934.638916,-895.863281,-927.782471,-923.500122,-924.716003,-915.721680,-909.042480,-905.673828,-924.112610,-920.141724,-905.866150,-913.875854,-917.492065,-908.839355,-904.402832,-924.051025,-914.256226,-906.872681,-654.712158,-395.061920,-208.516479,-175.919678,74.755432,-18.902674,-214.932541,-830.983643,-854.346802,-867.833984,-917.270996,-892.365967,-919.247559,-924.619690,-905.005737,-920.982971
2896.758057,2730.821045,2681.606934,2664.362061,2642.681641,2647.225586,2752.461426,2800.105713,2881.636963,2726.169434,2684.691162,2694.025391,2686.960693,2645.035400,2675.307373,2802.779053,2806.298584,2841.257080,2846.217773,2853.533936,2863.764160,2857.098145,2853.250000,2858.101807,2855.273193,2849.810303,2852.489990,2853.252686,2847.794189,2857.522461,2845.521729,2799.678467,2774.844238,2711.709229,2670.729736,2632.709229,2629.578369,2857.614502,2786.201904,2587.128662,2634.885254,2619.882080,2739.862305,2842.201904,2831.984375,2832.457520,2827.671143,2828.877686,2828.546631
-38.062347,-59.629635,101.124275,145.588455,153.518585,151.160400,156.654175,156.886063,184.558975,183.376083,190.354889,185.417755,193.977402,-90.919205,-83.749527,-45.620682,-14.529022,-11.376625,-14.524780,-15.034943,-18.930527,-17.247826,-15.048653,-16.456902,-16.129265,-17.792740,-18.658005,-19.201347,-19.418274,-25.567596,-47.298691,-17.477932,-14.926224,-47.624443,112.730736,145.269470,140.416641,153.082550,149.157104,167.421387,168.256592,-72.250572,-91.009857,-45.422134,-3.371323,10.602356,12.457474,3.299660,-0.660843
-949.472839,-923.101318,-900.830933,-912.607361,-908.281738,-907.967163,-907.553223,-913.534668,-917.572693,-921.227844,-927.145142,-914.395752,-922.918335,-882.452271,-906.028809,-949.173828,-907.223816,-944.390259,-941.459778,-946.532104,-933.782532,-930.341187,-926.727783,-942.922974,-939.328125,-933.863586,-934.963562,-937.075317,-927.880676,-930.069641,-929.156616,-928.394226,-924.062378,-938.158691,-910.342773,-934.910217,-933.687378,-939.129639,-938.229553,-944.280151,-958.908203,-913.237793,-916.320984,-936.969238,-914.488159,-944.995178,-949.847107,-935.476929,-951.312866
2909.011719,2860.849121,2719.598877,2715.665039,2724.790283,2717.763916,2714.566650,2723.093018,2746.647461,2741.624512,2755.785889,2743.481689,2750.708984,2750.873291,2768.716309,2878.552734,2864.178955,2900.212158,2901.583984,2900.274658,2911.111328,2906.710938,2903.247314,2910.291992,2910.070557,2902.925781,2907.553223,2908.781250,2899.387695,2908.587402,2874.219482,2814.697266,2806.133545,2812.412354,2709.539795,2705.698975,2696.533203,2708.117676,2716.832275,2732.799316,2743.753906,2753.387939,2767.019043,2844.917969,2838.125732,2854.760986,2858.917480,2868.734619,2870.481445
0.000000,0.000000,0.000000,0.000000,0.000000,0.000000,0.000000,0.000000,0.000000,0.000000,0.000000,0.000000,0.000000,0.000000,0.000000,0.000000,0.000000,0.000000,0.000000,0.000000,0.000000,0.000000,0.000000,0.000000,0.000000,0.000000,0.000000,0.000000,0.000000,0.000000,0.000000,0.000000,0.000000,0.000000,0.000000,0.000000,0.000000,0.000000,0.000000,0.000000,0.000000,0.000000,0.000000,0.000000,0.000000,0.000000,0.000000,0.000000,0.000000
0.000000,0.000000,0.000000,0.000000,0.000000,0.000000,0.000000,0.000000,0.000000,0.000000,0.000000,0.000000,0.000000,0.000000,0.000000,0.000000,0.000000,0.000000,0.000000,0.000000,0.000000,0.000000,0.000000,0.000000,0.000000,0.000000,0.000000,0.000000,0.000000,0.000000,0.000000,0.000000,0.000000,0.000000,0.000000,0.000000,0.000000,0.000000,0.000000,0.000000,0.000000,0.000000,0.000000,0.000000,0.000000,0.000000,0.000000,0.000000,0.000000
0.000000,0.000000,0.000000,0.000000,0.000000,0.000000,0.000000,0.000000,0.000000,0.000000,0.000000,0.000000,0.000000,0.000000,0.000000,0.000000,0.000000,0.000000,0.000000,0.000000,0.000000,0.000000,0.000000,0.000000,0.000000,0.000000,0.000000,0.000000,0.000000,0.000000,0.000000,0.000000,0.000000,0.000000,0.000000,0.000000,0.000000,0.000000,0.000000,0.000000,0.000000,0.000000,0.000000,0.000000,0.000000,0.000000,0.000000,0.000000,0.000000
0.000000,0.000000,0.000000,0.000000,0.000000,0.000000,0.000000,0.000000,0.000000,0.000000,0.000000,0.000000,0.000000,0.000000,0.000000,0.000000,0.000000,0.000000,0.000000,0.000000,0.000000,0.000000,0.000000,0.000000,0.000000,0.000000,0.000000,0.000000,0.000000,0.000000,0.000000,0.000000,0.000000,0.000000,0.000000,0.000000,0.000000,0.000000,0.000000,0.000000,0.000000,0.000000,0.000000,0.000000,0.000000,0.000000,0.000000,0.000000,0.000000
0.000000,0.000000,0.000000,0.000000,0.000000,0.000000,0.000000,0.000000,0.000000,0.000000,0.000000,0.000000,0.000000,0.000000,0.000000,0.000000,0.000000,0.000000,0.000000,0.000000,0.000000,0.000000,0.000000,0.000000,0.000000,0.000000,0.000000,0.000000,0.000000,0.000000,0.000000,0.000000,0.000000,0.000000,0.000000,0.000000,0.000000,0.000000,0.000000,0.000000,0.000000,0.000000,0.000000,0.000000,0.000000,0.000000,0.000000,0.000000,0.000000
0.000000,0.000000,0.000000,0.000000,0.000000,0.000000,0.000000,0.000000,0.000000,0.000000,0.000000,0.000000,0.000000,0.000000,0.000000,0.000000,0.000000,0.000000,0.000000,0.000000,0.000000,0.000000,0.000000,0.000000,0.000000,0.000000,0.000000,0.000000,0.000000,0.000000,0.000000,0.000000,0.000000,0.000000,0.000000,0.000000,0.000000,0.000000,0.000000,0.000000,0.000000,0.000000,0.000000,0.000000,0.000000,0.000000,0.000000,0.000000,0.000000
-398.459320,-209.704819,-173.425018,-160.118515,-156.461288,-159.199188,-168.521759,-169.889755,-93.891663,-39.313820,105.406761,195.176666,232.346436,123.587387,69.363037,-205.997910,-294.182953,-325.199982,-325.450348,-328.587128,-330.678223,-330.820190,-330.808319,-331.864929,-331.125305,-330.205536,-333.831512,-333.828644,-335.206116,-335.945007,-316.275635,-262.855988,-242.802277,-171.677948,-148.394043,-127.278885,-126.710014,-119.153496,-20.936066,77.379013,307.228516,137.796753,-17.943466,-289.356812,-320.652893,-317.715881,-313.942535,-280.608673,-283.440491
330.327881,334.930725,385.494171,376.490143,335.512299,329.499390,289.680176,281.116669,292.667053,306.711975,341.294098,346.599091,342.739441,365.992340,354.575378,340.051025,380.236511,333.692017,326.309753,332.246063,328.339630,334.995728,342.720123,334.298889,328.559814,335.421814,328.353302,324.243347,329.927582,341.837830,334.648438,314.751099,318.979706,340.491455,379.317139,343.938293,339.663818,288.504669,303.795624,332.327423,355.050537,390.305878,365.781189,319.050842,373.316528,377.394623,365.542114,359.622101,359.858215
2902.289795,2934.815186,2971.552734,2962.790527,2955.060547,2954.667969,2937.215820,2936.305176,2970.996338,2980.982422,2981.250488,2981.870361,2977.701172,2947.157471,2914.382324,2875.588379,2862.436279,2863.587402,2864.867188,2883.253418,2879.635498,2876.988525,2873.724365,2874.347656,2876.802734,2878.880127,2885.241211,2881.979980,2883.146240,2878.998779,2879.203369,2872.938965,2870.228271,2892.321777,2919.539062,2909.018311,2912.870850,2922.848389,2932.535889,2943.323975,2930.196289,2943.978271,2927.288086,2856.867676,2854.303711,2847.390137,2843.881104,2858.751953,2871.993408
78.185982,78.849770,79.080399,79.150703,79.283127,79.312218,79.485916,79.516426,79.948158,80.050201,80.247124,80.350197,80.388626,81.411987,81.521927,81.884720,82.082870,82.285278,82.321716,82.621239,82.689667,82.718842,82.752121,82.884796,82.921387,83.053360,83.221031,83.251671,83.289490,83.350945,83.520905,83.652878,83.689011,83.855301,84.057274,84.253769,84.287895,84.552910,84.888161,85.057289,85.320518,86.522041,86.792641,87.122353,87.254326,87.357224,87.388176,87.625130,87.756966
