19,64
-1.000000,5.000000,7.000000,-1.000000,5.000000,-1.000000,0.000000,7.000000,0.000000,7.000000,0.000000,-1.000000,0.000000,7.000000,0.000000,-1.000000,0.000000,7.000000,0.000000,7.000000,0.000000,7.000000,0.000000,7.000000,0.000000,7.000000,0.000000,7.000000,0.000000,5.000000,-1.000000,0.000000,7.000000,0.000000,-1.000000,0.000000,-1.000000,0.000000,-1.000000,3.000000,-1.000000,8.000000,3.000000,-1.000000,3.000000,-1.000000,0.000000,7.000000,-1.000000,7.000000,0.000000,-1.000000,0.000000,7.000000,-1.000000,0.000000,-1.000000,0.000000,7.000000,-1.000000,7.000000,0.000000,7.000000,0.000000
8.394379,9.644020,9.339783,9.952776,18.201151,22.838879,21.133984,17.679054,16.390572,14.648300,15.287196,13.611667,15.596488,18.813974,19.352240,20.177835,17.950409,17.208179,16.362217,15.297050,4.652400,6.579033,8.559537,14.937397,15.498611,14.480758,19.061127,11.391362,12.070893,11.790705,12.012962,7.750005,2.747517,2.708049,13.095181,14.839892,15.350654,15.751666,16.671726,19.352518,21.687943,21.645670,22.768951,20.226788,20.168785,19.853765,19.001020,16.523502,12.870522,10.618858,6.935199,8.743275,12.520290,17.856390,17.028891,16.077688,13.829299,15.295188,17.093143,13.920742,13.382025,11.126930,9.092974,8.663743
8.394425,9.644061,9.339783,9.952776,18.201019,22.838757,20.607716,36.712212,37.660988,26.969864,21.230652,37.133259,34.495453,1.987019,15.614933,23.330194,26.542997,22.670803,22.796415,26.237209,33.404705,37.167545,38.846214,42.352863,43.358105,44.350330,46.417198,43.692017,43.725254,40.276524,31.651987,25.321058,24.767900,25.330990,61.935501,65.459518,59.585682,51.707066,45.266453,48.251839,41.472542,30.120922,18.628260,12.203370,11.898785,18.054026,21.671265,23.906059,9.795066,8.988720,17.833267,33.457428,16.433722,0.907629,7.680482,27.415258,8.472061,6.381992,5.188180,8.793435,8.303404,11.567184,5.523787,5.538349
95.261620,98.234207,97.777924,98.199600,86.938919,76.611649,-90.104507,-81.405258,-82.369064,-79.757980,-79.008873,-81.545181,-82.635483,-86.813324,-86.199577,-86.146782,-86.972382,-84.186348,-84.639236,-84.604347,-85.628357,83.601456,81.806725,75.985573,75.011497,76.542870,-70.967163,79.677948,79.432343,78.453278,78.260796,88.479210,91.514015,-91.834900,-83.599869,-81.436356,-80.392403,-79.560555,-77.728561,-77.016174,-76.362518,-75.303246,-78.777611,-80.343544,-81.122795,-82.334267,-82.501579,-84.800705,-77.133003,79.446373,-92.349609,-86.079262,-79.522987,-89.116776,-88.175499,-85.703629,-76.293289,74.708000,-72.909500,-76.386292,-76.793404,80.971657,83.664474,82.535347
84.738243,81.765694,82.221992,81.800323,93.060982,103.388206,96.810677,121.092590,122.173859,110.933167,104.335800,79.563309,86.237831,88.186195,92.967033,98.720329,97.905731,92.593147,99.278076,104.578224,117.278625,121.955734,123.782372,126.801010,127.595230,128.339020,130.208862,127.612526,127.958527,124.968491,114.874901,108.317070,105.045593,100.175186,95.079865,89.211967,89.867310,89.150528,90.681366,97.226601,97.138374,88.572403,89.656487,-93.242020,78.661240,79.220940,87.683823,101.796646,-97.500633,-97.146187,87.291855,78.858589,79.423378,90.847679,-90.472977,102.318153,96.130882,94.776398,95.148880,-93.849854,-93.717712,96.494766,86.588799,87.130951
5.022193,1.205934,3.443384,6.690495,17.625956,20.454086,35.925835,11.129973,9.392411,21.330759,20.006659,33.424923,33.432396,5.752377,5.922483,37.135765,33.798409,1.698927,2.002325,3.715045,8.622271,8.898610,7.605168,9.834053,10.465180,11.940981,12.439186,13.872495,14.277185,19.802187,20.127024,22.484390,23.036436,19.970074,21.140017,17.874002,21.500843,8.553339,11.984395,9.341655,15.735291,14.847638,15.141840,5.777129,6.205293,21.039574,24.811550,12.782127,15.647443,16.447033,10.092042,47.166592,35.848454,5.629427,44.107067,47.059994,56.665646,46.881039,40.847275,31.984137,15.259130,12.537985,8.086312,8.745970
16.640808,20.062822,21.669220,20.484730,13.784609,25.213953,29.543140,36.484612,33.303547,17.772760,18.782667,12.195969,14.811972,18.761230,19.313700,15.476140,17.834515,36.762043,40.545860,37.982529,33.186634,33.119999,31.951601,24.044456,22.216415,20.081509,17.589975,13.494501,12.318480,13.847018,14.751484,21.540222,23.974752,23.117054,19.742786,17.874002,7.139190,7.411083,58.851032,87.045761,93.085350,95.890182,96.477951,50.464729,37.632111,20.697029,18.054686,36.625423,12.764797,11.498158,17.654287,8.685753,9.576103,17.510744,15.614946,26.662344,31.010937,29.828222,29.835407,39.797974,25.080143,7.226373,6.805905,7.028390
94.988876,-90.925964,-87.476875,-83.675888,73.329590,-70.265228,-59.673042,89.609810,89.285294,85.205696,83.177742,-75.515121,-72.032677,94.647400,95.162102,54.489418,-63.529617,-89.930855,-89.972565,88.392471,89.871872,91.907623,93.849052,95.367775,95.505508,93.831116,91.635170,90.486794,88.905678,85.482101,84.162376,86.743744,87.224663,82.907661,71.718742,97.613243,70.437607,81.862198,-78.049591,81.281952,83.233505,85.818054,90.447990,94.520149,-95.885559,-103.248993,-107.011101,-101.165543,83.911377,83.729744,-81.421249,-72.020592,-71.610535,-95.400284,47.844311,-99.935623,-116.290405,-115.013885,-114.675323,-108.722351,-102.483833,89.108887,88.655518,88.879211
102.111191,105.531029,106.543633,105.650375,-76.902000,-67.611076,-108.478256,126.473900,123.266541,-106.503151,-107.594170,102.176155,104.810249,-108.562164,-108.996826,-97.348862,-93.357162,123.062172,127.254646,125.302513,121.895569,121.917442,120.481911,113.663406,111.969612,110.081490,107.589798,103.492477,-102.318481,-102.767509,-103.559212,-108.863396,-109.540390,-107.079636,-103.208389,-97.613243,-88.242828,-91.047096,32.588402,-3.714887,-18.344446,-16.292694,-22.593664,-42.503628,-53.676498,-69.396484,107.147652,124.065506,-102.098640,-101.160805,105.676567,95.704445,-98.252754,-107.510063,-95.543816,-96.985825,-84.794594,-84.415901,-85.715904,-95.014214,-101.746979,-94.028183,96.802574,-97.020485
-0.000000,-0.000000,-0.000000,-0.000000,-0.000000,0.000000,0.000000,0.000000,0.000000,0.000000,0.000000,0.000000,0.000000,0.000000,0.000000,0.000000,0.000000,0.000000,0.000000,0.000000,8.274504,11.247015,12.817135,1.617978,2.432606,2.398004,12.783517,4.279289,3.327431,9.471145,9.368526,-20.203552,19.190010,17.650064,11.333743,9.018573,8.069105,7.235109,5.271282,4.755016,3.502411,3.164835,2.859581,1.399557,1.262536,1.139008,0.925773,0.677820,17.948978,14.478872,8.471575,6.239762,4.802201,2.028543,1.499983,0.593473,11.856008,12.222791,10.164615,5.386161,4.722192,15.047353,7.021745,8.860535
90.000244,90.000565,90.000641,90.000679,90.000412,89.999985,-89.999130,-89.999306,-89.999336,-89.999252,-89.999207,89.999214,89.999176,-89.999146,-89.999146,-89.999138,89.999130,89.999146,-89.999146,-89.999207,88.871407,85.867851,83.084381,88.429520,87.728462,-88.951790,78.909607,-86.862251,-87.336662,80.858803,81.312096,-94.905594,-86.794701,-79.753906,79.352821,82.843597,83.929459,84.866402,86.757622,87.043579,87.613205,88.004532,88.013000,89.239449,89.334015,89.440727,89.565742,89.522644,73.646194,75.559319,81.795364,86.770958,88.255089,88.332329,88.802879,89.647034,84.268494,82.570068,82.974373,84.622322,85.313103,76.062515,83.409775,81.543739
0.000000,0.000000,0.000000,0.000000,0.000000,0.000000,117.782379,100.931610,99.171761,56.445862,70.457603,132.803070,132.548096,-84.398026,-116.104294,-139.300964,153.841034,129.477951,112.865639,94.799652,73.616020,65.859718,61.650543,56.257553,55.285328,54.392204,53.741829,56.057304,56.377762,28.959074,28.874491,42.435253,58.048370,72.540581,114.111885,116.942795,120.861908,124.912834,141.379166,150.738922,-143.990784,-126.336136,-109.427017,-41.464069,-87.789986,-124.802307,144.896576,112.269417,8.872145,7.996448,86.381775,128.310074,136.708069,-86.276459,-59.051159,147.057541,85.247253,79.286949,73.193588,46.278416,41.967976,74.053337,117.551476,117.421608
89.999413,89.999069,89.998978,89.998924,89.998909,89.999283,32.440315,35.795940,36.278297,33.748055,23.813562,-43.338470,42.599773,-168.970566,-153.891724,130.558807,69.155663,45.694107,35.869213,29.945417,31.718620,34.969276,39.004318,46.042164,46.867287,44.573437,44.780613,41.013241,39.887936,-61.441010,-61.513443,47.569851,32.054520,-17.693432,-45.910122,-52.433094,-50.178093,-45.560234,-52.569683,61.502949,108.486023,126.546028,151.080597,131.152145,160.140182,129.414703,79.944275,41.722343,81.520836,82.214310,5.155447,-38.794868,47.527458,-164.279922,-144.443466,85.362228,43.729431,44.059559,47.654568,59.878349,61.072887,42.998032,56.320499,56.810913
-19.167360,-18.061605,-14.328043,-11.285489,-10.770405,36.284103,78.885391,18.614164,14.137357,29.348503,29.994120,67.978836,71.619476,39.095787,38.067482,75.038864,69.168243,56.111996,28.905085,23.724865,20.575516,17.333412,11.450088,-5.902193,-4.674369,6.194795,8.037268,12.780954,14.740897,25.582790,27.531456,32.156055,34.903351,32.943047,64.190422,11.431735,66.810738,45.307312,46.834274,46.042889,50.005482,47.447243,47.854740,34.639034,35.342125,31.019615,-28.484367,-1.572092,18.938017,22.526930,24.561008,77.396492,76.587677,32.686977,72.270416,45.478615,-57.481411,-46.060741,-38.335155,-24.734800,5.756124,7.984705,5.618415,6.034944
-109.062782,107.868408,104.252754,100.853546,-96.567780,-87.151535,11.454869,77.809410,79.142250,80.942253,77.215073,-46.103420,-37.431183,56.842243,56.577930,22.914085,-20.912434,45.222408,65.114502,72.014183,77.706543,82.740211,88.836517,93.040115,91.950943,88.527962,86.768669,87.044746,85.104652,83.091705,81.347374,81.452286,82.351631,75.782425,34.380527,78.587257,27.961927,45.040325,-43.562996,-43.958828,42.724426,44.708935,48.619438,57.969006,56.743717,-72.586266,-91.995308,-91.550507,86.905090,86.440041,67.079964,-51.390171,-46.318840,60.937992,24.754814,-63.354458,-99.727394,-102.975975,-105.147194,-96.420982,-89.210739,87.258339,85.520920,85.278236
6.784113,16.695541,-22.415413,-24.044935,10.683104,12.432113,50.469791,-17.919277,-15.325814,1.529183,2.361072,36.826859,33.006489,9.782573,8.823631,42.271614,46.321854,17.367516,-9.430756,-6.494708,-5.337334,-8.869421,-9.195670,-3.381999,-1.072102,2.484119,3.519642,4.057241,5.304965,7.541138,8.051594,9.043484,13.259683,17.223873,26.018744,11.431718,30.055527,26.432398,53.371853,53.960999,-28.345648,-29.266077,31.801699,88.689148,83.847504,74.273880,32.820278,14.249755,1.932999,3.192427,19.532915,36.994270,25.892769,9.982883,35.942921,39.034817,30.164759,24.639902,22.746271,42.436562,-23.879509,4.982400,9.717861,9.220299
89.477722,89.966560,91.771729,92.302086,87.793144,80.544777,-80.644463,-107.917847,-105.324203,-88.561646,87.718254,55.920670,58.181828,-80.232132,-81.176949,-51.342442,-58.111843,81.094124,90.163193,95.334099,95.337173,-98.864830,99.155998,-93.363380,-91.067223,-87.894073,-86.509567,85.958786,84.695030,-83.974854,-83.238686,-84.342598,-83.368904,-77.394745,-64.007637,-78.587265,70.007072,73.719315,42.774715,-41.415901,-95.443466,-91.346672,-80.715813,-11.771301,-9.331614,-15.786325,58.979935,81.244072,-88.849846,86.873383,74.120041,56.110958,68.494102,-80.443947,-64.446709,-77.616341,-69.069534,-76.181252,-77.944962,-80.404648,-90.235817,-85.281853,85.333061,85.329422
-156.107254,-133.273819,-126.698685,-121.636871,-131.792038,-157.760406,65.750389,41.807941,39.358269,52.304367,57.766907,-106.077011,-96.506157,61.905788,63.780312,64.986298,75.689667,83.201195,68.879662,54.089855,44.875443,41.445503,38.254112,32.321762,31.769880,33.790207,32.188389,36.647739,37.393772,46.295219,50.188786,59.672222,66.341499,76.940987,-108.549393,-113.008728,-111.680504,-110.743095,-107.090141,-101.305244,88.088737,-90.893349,80.855072,85.028168,84.938347,86.153435,87.199753,70.819649,44.733730,47.193970,83.662552,-107.707947,-109.817894,52.423023,53.454323,67.544373,42.459167,39.627239,37.483841,32.206017,31.603395,31.470465,37.793034,36.199066
90.608542,91.076678,91.111793,91.145507,91.512741,91.787902,92.047004,92.447682,92.487332,93.414894,93.448784,93.680715,93.713636,94.113442,94.147506,94.183219,94.315307,94.491227,94.544645,94.616829,94.686510,94.719836,94.747788,94.850460,94.888256,94.948358,94.992033,95.216259,95.250710,95.487831,95.515421,95.585459,95.612947,95.649480,95.780645,95.851355,95.885323,95.913342,96.017433,96.052598,96.152764,96.187239,96.219430,96.451747,96.485033,96.512474,96.583580,96.680999,97.617740,97.650671,97.854660,97.987060,98.084321,98.389874,98.489540,98.792688,99.019976,99.053631,99.096549,99.257767,99.285369,100.018886,100.424655,100.455753
