19,35
-1.000000,2.000000,7.000000,0.000000,-1.000000,2.000000,0.000000,7.000000,0.000000,7.000000,0.000000,-1.000000,2.000000,7.000000,0.000000,2.000000,7.000000,0.000000,2.000000,7.000000,0.000000,7.000000,0.000000,-1.000000,2.000000,7.000000,0.000000,-1.000000,2.000000,7.000000,0.000000,7.000000,0.000000,7.000000,0.000000
63.614025,78.178505,43.798042,15.260673,53.801857,64.602226,56.690372,28.987190,10.054553,27.267511,38.005516,47.984524,61.794579,50.675404,14.202728,64.409874,52.223263,11.882508,54.868629,45.101440,16.192318,13.659616,11.911648,48.668934,62.738144,49.441853,38.789024,50.665543,59.721943,46.902313,13.016507,9.411519,8.638769,9.173140,8.699378
17.369804,17.145874,11.126045,13.497765,15.803124,16.791775,17.677807,13.809812,16.752199,10.813413,13.447971,15.699538,15.507376,12.524260,16.259892,14.813548,12.746050,15.858444,17.975666,17.903442,18.723946,15.723952,17.067600,24.816154,23.820311,18.511662,20.096355,19.170834,17.809633,14.923175,18.671566,17.140823,17.930618,23.648411,22.517435
-28.075302,-12.577065,46.270233,-74.779228,-36.584694,-25.450926,37.782597,62.687626,80.166489,-63.707417,-52.205791,-42.019527,28.415277,42.535793,-75.971077,25.847349,42.061787,78.548470,-36.853962,47.342728,73.887543,76.351929,-78.142960,-42.972359,-30.072752,42.049988,-55.696377,-40.411564,-30.982800,44.004715,-77.282997,80.769104,81.367638,80.860283,81.652351
87.872620,87.749977,86.691521,84.076492,88.049210,88.466820,93.329758,91.980423,90.395561,85.118301,85.528008,86.354561,86.641617,86.954720,88.987671,81.507065,85.986732,85.485367,89.447800,93.451294,90.018997,89.162407,90.689247,96.155388,96.747604,92.796082,94.371773,94.254501,92.668800,88.692215,90.135704,-76.627914,-76.646591,-77.412971,-77.884293
9.693614,11.166078,16.418095,11.260787,10.069175,8.473754,9.763379,11.468550,10.142472,10.663651,9.651946,8.923964,8.418440,11.751013,12.090524,10.137467,7.973265,8.615410,9.617585,13.378970,12.052361,11.141220,11.308501,9.252809,9.872291,10.833890,10.581766,9.171640,8.871481,7.948014,8.131225,14.123970,14.204329,16.861273,16.672977
20.119976,17.457317,11.567883,18.770561,19.413836,18.235899,17.400618,18.273468,19.290506,20.458454,21.414629,20.494408,18.858072,16.050747,19.332411,16.434254,14.781752,18.957119,17.267517,13.562037,18.024612,17.069647,16.095398,20.335163,18.293400,16.508162,16.602747,17.233570,16.115379,13.533652,17.160475,22.651089,22.477228,22.691006,21.791080
84.616127,86.099991,79.624939,83.943352,83.540108,85.500130,84.811485,82.343712,82.530907,80.881828,81.959595,83.231995,84.674507,87.180893,84.187714,86.509476,88.294220,82.509918,85.442139,84.891121,84.542236,84.742050,83.569672,84.730202,86.536110,90.542755,87.369064,84.966599,85.509514,90.176071,82.662300,84.322433,86.234222,89.516136,87.651726
108.998329,106.499046,101.501244,108.596848,108.838661,106.882698,106.250504,108.113495,108.973656,110.222748,110.661652,109.159142,107.053886,105.367043,109.217918,105.266899,102.775574,107.084557,105.710716,103.481201,107.901894,106.861290,105.701714,109.114731,106.983139,105.787796,105.906487,105.644753,104.099480,100.512039,104.945801,-112.532867,-112.448387,-112.390480,-111.501869
104.248550,88.951538,66.789253,40.079304,95.591797,85.427620,59.268932,59.982018,42.916969,88.104683,90.841629,92.594788,85.360245,59.290817,48.214653,74.504128,54.512657,43.379387,90.956444,57.160202,44.203636,43.767433,42.066898,99.948677,97.175331,64.055939,94.607361,100.475670,96.169586,67.153481,51.572708,17.794655,19.979012,18.822296,18.993143
23.259485,3.765564,-26.138962,49.950401,12.945828,-7.417911,-36.118286,-30.752319,47.128914,15.757010,11.345710,3.582717,-9.163753,-37.948685,41.806107,-16.991232,-48.727852,46.916946,4.044284,-38.263748,-46.310890,-46.260170,48.067631,21.622522,9.847501,-42.186867,4.670596,24.974205,11.041807,-38.126099,38.562332,72.841583,70.293518,72.074684,71.652237
137.370483,141.289566,150.402832,147.237274,137.802261,139.712341,147.209000,147.848465,141.990097,140.920486,139.883957,140.777817,141.510712,148.722702,140.410080,149.237900,146.169983,144.681015,131.059418,137.869095,138.124084,140.062698,138.355392,125.942749,130.067230,135.317200,134.834839,133.114899,134.927414,141.738419,136.768463,150.616943,149.923370,148.101105,146.620422
56.176361,58.609299,63.571999,59.635727,53.756008,54.706036,59.090164,59.875507,55.313984,56.846462,55.576736,56.534630,56.979275,60.817329,52.837135,64.076439,61.329128,58.749619,52.714951,53.140106,52.532150,55.849514,54.339058,47.885803,51.780624,51.865803,51.728245,53.730888,55.253345,56.147259,51.171707,66.214745,66.014282,64.482414,62.445953
-6.060195,-5.271096,1.010269,-4.950368,-5.998780,-8.227743,-6.683339,-4.588042,-6.184247,-4.595337,-5.082494,-5.866517,-7.028614,-6.599241,-5.028625,-9.177552,-9.076146,-6.124615,-6.795753,-6.646883,-6.406065,-8.515806,-7.951915,-5.613948,-6.418694,-7.402340,-5.887029,-5.841941,-6.944582,-8.930589,-7.244702,-6.471963,-6.659853,-10.458898,-9.362818
-91.908089,-93.185616,-89.358551,-94.271690,-93.443184,-95.030380,-94.856537,-93.222038,-95.080605,-90.961037,-91.664482,-92.220825,-93.949211,-96.183891,-93.870094,-97.352585,-97.650597,-94.226547,-94.594978,-96.233940,-95.537338,-97.869049,-97.202087,-92.146927,-93.397087,-95.743927,-94.468910,-94.384735,-95.548363,-97.699455,-91.983635,-95.918037,-96.340843,-100.263458,-98.968124
-15.328670,-11.760901,-10.040812,-13.584024,-14.102135,-12.444084,-14.617978,-14.296449,-13.542829,-14.778591,-15.980686,-14.916144,-13.707833,-12.329121,-15.009158,-11.502422,-8.576545,-13.162912,-11.529416,-10.946019,-13.307482,-13.361027,-12.515705,-14.220965,-12.986376,-9.419014,-9.545343,-9.727790,-9.262807,-4.211707,-8.729358,-20.264496,-18.982889,-18.787291,-18.891483
104.752251,101.226997,-99.965637,-103.575676,104.011772,101.885666,104.367065,-104.293442,103.431862,-104.775146,105.916771,104.538071,102.943344,102.235825,105.003403,100.859085,98.101288,102.828934,100.633209,-100.921326,103.292892,103.357353,102.451820,103.590881,102.121590,98.889954,99.127701,98.862831,98.363663,90.982826,97.314697,-110.232841,108.982109,-108.784760,108.890999
31.723446,28.774092,32.373238,38.069210,36.474995,32.382721,32.392849,40.039795,43.284256,44.647011,40.743107,36.611069,33.132610,29.445383,36.886486,28.882715,28.654522,39.366646,30.322943,32.145615,36.890926,37.162792,36.690983,33.902309,28.531721,27.847128,30.887262,33.683334,31.630671,26.286148,39.259605,40.634098,37.774982,36.395348,36.454102
113.404137,113.439966,113.773709,113.942547,114.675274,114.712228,114.972108,115.072601,115.210168,115.940703,115.978563,116.007950,116.038540,116.340233,116.510218,117.307147,117.609458,117.807890,118.544869,118.911283,119.044316,119.078231,119.114456,119.742181,119.777569,120.146194,120.212578,120.978518,121.011766,121.312252,121.514316,122.544606,122.645168,123.052734,123.080706
