62,43
-1.000000,4.000000,0.000000,-1.000000,4.000000,0.000000,7.000000,0.000000,-1.000000,4.000000,0.000000,4.000000,-1.000000,0.000000,7.000000,0.000000,7.000000,0.000000,-1.000000,0.000000,-1.000000,4.000000,-1.000000,0.000000,7.000000,0.000000,7.000000,0.000000,7.000000,0.000000,-1.000000,0.000000,-1.000000,0.000000,-1.000000,4.000000,-1.000000,0.000000,7.000000,0.000000,7.000000,0.000000,7.000000
-480.938660,-490.812592,-491.649506,-466.886841,-449.171936,-441.355347,-271.788910,-320.417053,-458.939423,-460.371643,-449.939850,-480.684753,-480.278656,-473.461182,-266.890656,-254.899490,-385.452026,-403.788269,-466.521545,-463.413788,-474.697723,-491.790314,-500.340698,-485.919861,-333.300354,-321.329956,-298.834015,-310.729523,-405.077942,-419.373291,-456.475708,-481.672668,-475.528381,-495.608459,-500.740601,-512.783386,-521.634521,-541.861023,-358.160492,-323.826172,-308.410278,-303.454437,-306.460602
237.175186,205.419678,206.095673,241.884094,273.591461,286.202271,314.229492,306.478638,265.670319,226.818619,212.033325,259.111115,265.269318,294.146057,328.660889,330.785950,285.248627,278.839600,255.304626,233.007584,228.934891,223.512848,221.263733,299.362183,322.548737,317.902161,314.009705,313.160217,289.772125,279.103912,259.717682,322.351318,250.358353,219.498047,197.420807,194.222977,197.094360,262.923676,327.007599,325.719116,333.797913,335.252838,328.862488
2368.103271,2331.672363,2327.122070,2317.850098,2329.096924,2339.689453,2451.602783,2442.980225,2370.566895,2327.624512,2305.225342,2327.676025,2330.832275,2343.642090,2450.232666,2440.710449,2406.266846,2390.860107,2369.314697,2320.375488,2309.793701,2308.263672,2310.562744,2342.381592,2429.615967,2431.542480,2450.658691,2448.567627,2395.422119,2387.998779,2382.040283,2354.265381,2372.061035,2335.461914,2314.552002,2320.331543,2320.407227,2335.861328,2429.698486,2430.166016,2435.280762,2432.789795,2423.489258
-221.236557,-243.858612,-243.874908,-226.243469,-204.827271,-194.535706,5.084507,-43.675034,-206.590271,-229.819260,-230.577972,-242.927917,-241.544220,-224.571030,10.846025,22.659351,-114.892014,-136.876999,-213.621078,-252.948456,-265.952301,-278.253326,-287.122223,-241.241150,-56.935280,-44.638615,-21.972992,-33.788731,-142.054794,-157.963516,-197.614471,-219.862869,-224.163712,-259.115082,-276.644897,-284.621490,-290.515961,-289.016174,-83.720444,-48.400330,-32.145821,-28.174599,-31.537056
316.661011,307.173523,307.776398,326.611877,351.944275,358.668579,352.674622,346.148254,329.702881,316.058105,307.459045,336.407898,337.374512,350.510223,360.494904,363.073242,344.246765,338.022430,318.741730,302.484528,302.717590,307.630585,315.696411,354.223267,356.977112,353.502197,353.282043,352.247681,325.169312,320.628326,310.805786,352.825653,316.187439,302.466034,284.512085,299.640625,301.086121,329.172424,343.424805,339.922668,344.229126,344.237183,349.847656
2434.316650,2414.144531,2407.523438,2430.535156,2439.945068,2449.146973,2441.884033,2439.053467,2472.103516,2457.351562,2449.502197,2453.004639,2457.370850,2457.550781,2454.781006,2451.457031,2439.452881,2444.284912,2469.273682,2489.697266,2480.604736,2467.865723,2464.835693,2465.984131,2454.356201,2450.407227,2443.833496,2443.981201,2480.798584,2476.770752,2474.563232,2447.686279,2475.487793,2459.432617,2457.093018,2442.668457,2438.473145,2434.884766,2480.721924,2476.827637,2477.823242,2481.283447,2470.397949
-406.855255,-434.489685,-435.742188,-406.602936,-375.925964,-366.114807,-159.275238,-209.730743,-377.718811,-398.221466,-390.397247,-402.711090,-399.665771,-381.581848,-153.170395,-140.699921,-291.361969,-314.261292,-386.883118,-415.815216,-430.077789,-448.100220,-462.177216,-400.532196,-221.816757,-210.445206,-185.944550,-197.448593,-302.862701,-320.354980,-363.192932,-370.972809,-389.569977,-425.494843,-439.638824,-462.181274,-466.128632,-454.350891,-235.945190,-197.685013,-179.949631,-175.435089,-186.367401
476.176147,452.111237,452.822205,483.977081,515.601685,525.758789,543.134766,534.690002,502.413574,474.015503,462.298828,503.144897,507.504822,530.949707,552.761353,556.026855,517.628906,511.823730,491.652588,467.283691,464.364868,462.682739,464.532043,534.947754,550.916504,547.295776,543.739319,542.381714,513.838074,506.722717,492.633484,548.972656,488.610535,460.533020,439.799866,441.763123,445.870575,499.265198,542.917542,541.784851,546.651184,546.392090,547.436707
2424.732666,2380.789307,2375.583496,2382.131592,2379.238770,2396.815918,2482.406006,2476.776855,2432.421143,2377.650146,2344.921875,2368.439941,2377.404541,2393.309570,2498.815430,2485.226074,2465.437500,2456.508789,2439.562988,2418.241211,2402.964844,2390.725342,2387.430664,2408.177979,2469.592773,2467.472656,2482.952148,2481.660645,2474.127197,2460.758789,2450.031982,2415.459717,2421.576904,2393.423340,2378.886963,2357.583252,2356.989014,2392.351318,2492.008057,2481.817627,2493.740967,2496.050781,2481.997559
-284.452423,-285.512390,-285.858887,-273.897797,-266.450928,-260.605530,-104.695221,-151.921967,-278.175415,-276.640869,-274.897919,-310.151001,-311.510468,-307.851196,-103.083130,-90.110321,-200.534027,-217.684280,-281.281189,-285.024323,-297.616455,-308.140472,-311.070068,-317.234741,-166.554352,-154.080017,-130.889099,-142.678116,-235.008942,-247.225906,-279.632568,-323.230286,-296.822449,-310.887909,-318.923279,-322.503662,-331.281311,-361.632874,-203.097488,-171.649078,-158.294586,-154.125229,-148.356918
70.996429,55.555775,56.127460,80.236694,105.043327,113.548141,120.154099,113.362762,87.793350,66.613876,56.222450,89.296661,91.765793,109.996918,132.332245,133.922333,106.405464,100.579361,78.936432,63.682156,61.440201,62.769424,68.125977,114.966721,125.840851,121.654335,120.624268,119.729538,96.325455,88.361954,74.220703,122.594269,73.005905,54.784946,36.161713,46.212437,47.818405,86.028992,120.707008,117.283981,123.873306,124.750298,124.860321
2387.051758,2375.570557,2368.874512,2372.404297,2397.881836,2403.413574,2419.384766,2412.737061,2418.029541,2411.728516,2412.598877,2420.916260,2420.309570,2415.716309,2415.152832,2414.277588,2388.560059,2384.793457,2402.610840,2397.835449,2394.628662,2392.088379,2396.093262,2406.457520,2420.605469,2420.966797,2418.755371,2417.400635,2406.865723,2409.281738,2412.180176,2393.934570,2428.738037,2408.635986,2401.267822,2412.346191,2410.306396,2388.493164,2428.258301,2433.729004,2431.484863,2430.513184,2421.921875
-124.876541,-115.550980,-115.802513,-121.393349,-119.280945,-115.328339,23.061932,-22.710106,-133.263046,-126.318542,-131.356049,-173.789642,-176.849426,-177.583588,21.230268,35.263355,-54.013042,-69.379745,-131.957321,-136.518311,-150.214172,-154.815521,-152.092422,-183.298370,-39.071945,-26.137417,-2.269081,-13.968128,-102.299835,-112.341232,-139.583115,-201.973709,-153.847397,-159.794769,-168.907318,-164.941010,-173.909882,-217.329117,-87.046623,-58.607155,-47.430244,-43.880424,-29.318741
-106.479309,-108.868973,-108.505234,-95.664864,-74.904785,-69.520752,-79.383362,-85.384171,-99.180824,-106.522217,-113.291428,-91.627533,-92.039146,-82.155930,-68.523193,-67.526306,-80.810524,-86.062233,-106.440987,-115.508141,-116.544754,-109.919769,-98.428299,-77.220001,-75.758331,-79.650909,-78.339355,-79.253799,-102.149048,-108.299110,-118.537773,-81.491165,-113.703995,-121.725525,-137.456467,-116.914383,-116.297684,-100.278358,-87.927315,-93.169342,-87.533363,-87.027840,-82.123734
2396.589600,2407.667236,2399.031494,2408.000977,2450.538818,2451.406494,2388.547607,2383.051270,2451.066650,2477.034424,2499.254395,2496.143311,2491.708740,2471.615479,2379.426270,2386.318604,2366.143555,2371.160889,2421.710938,2451.253906,2455.178223,2453.247803,2459.705566,2452.979736,2408.080078,2407.711182,2387.821533,2386.885254,2406.182373,2417.910645,2429.169189,2420.334961,2470.713135,2464.182373,2467.755859,2486.818359,2483.356934,2427.055664,2419.564941,2430.661865,2421.644531,2421.351562,2413.688965
-310.757935,-291.827362,-292.108612,-281.067535,-292.523560,-291.202728,-175.138412,-220.885651,-313.908905,-290.054016,-287.717804,-343.201691,-347.369568,-355.789001,-177.518143,-163.464493,-247.779022,-260.692108,-313.024841,-287.216736,-299.601624,-307.702728,-304.724915,-358.479584,-236.909836,-224.214081,-200.480316,-212.226089,-290.603180,-299.225586,-324.856964,-389.411865,-333.750305,-329.033325,-329.400330,-327.668732,-339.064911,-398.325165,-283.462372,-255.762665,-245.192017,-240.991455,-226.111267
-163.371155,-181.501129,-180.857010,-151.884338,-130.457642,-121.157532,-106.904366,-113.791672,-145.018982,-169.899017,-181.311157,-146.704834,-143.541504,-122.512680,-91.303619,-90.643524,-123.062996,-128.482361,-151.859650,-165.255356,-169.346939,-170.145966,-166.027939,-116.498558,-100.404121,-105.136124,-106.455330,-107.235939,-127.490570,-137.985321,-155.102875,-103.308731,-160.818161,-181.098785,-199.829575,-192.099472,-190.609177,-147.701782,-99.677040,-103.336517,-95.000450,-93.460976,-97.145096
2349.197510,2348.798096,2341.821045,2333.230957,2371.946533,2373.411377,2395.504639,2385.863281,2378.381104,2384.903564,2396.413574,2406.841064,2401.326416,2390.056885,2376.171387,2378.624268,2342.376953,2332.867920,2350.144043,2330.015137,2332.937988,2338.976318,2349.269043,2364.484619,2390.369629,2394.206299,2392.707764,2390.168457,2345.059814,2354.446777,2362.947998,2353.451660,2396.690186,2375.467041,2365.670410,2399.566406,2398.988281,2356.170898,2383.047852,2397.260498,2391.190918,2386.627930,2380.111328
0.000000,0.000000,0.000000,0.000000,0.000000,0.000000,0.000000,0.000000,0.000000,0.000000,0.000000,0.000000,0.000000,0.000000,0.000000,0.000000,0.000000,0.000000,0.000000,0.000000,0.000000,0.000000,0.000000,0.000000,0.000000,0.000000,0.000000,0.000000,0.000000,0.000000,0.000000,0.000000,0.000000,0.000000,0.000000,0.000000,0.000000,0.000000,0.000000,0.000000,0.000000,0.000000,0.000000
0.000000,0.000000,0.000000,0.000000,0.000000,0.000000,0.000000,0.000000,0.000000,0.000000,0.000000,0.000000,0.000000,0.000000,0.000000,0.000000,0.000000,0.000000,0.000000,0.000000,0.000000,0.000000,0.000000,0.000000,0.000000,0.000000,0.000000,0.000000,0.000000,0.000000,0.000000,0.000000,0.000000,0.000000,0.000000,0.000000,0.000000,0.000000,0.000000,0.000000,0.000000,0.000000,0.000000
0.000000,0.000000,0.000000,0.000000,0.000000,0.000000,0.000000,0.000000,0.000000,0.000000,0.000000,0.000000,0.000000,0.000000,0.000000,0.000000,0.000000,0.000000,0.000000,0.000000,0.000000,0.000000,0.000000,0.000000,0.000000,0.000000,0.000000,0.000000,0.000000,0.000000,0.000000,0.000000,0.000000,0.000000,0.000000,0.000000,0.000000,0.000000,0.000000,0.000000,0.000000,0.000000,0.000000
-431.925507,-404.765289,-390.575958,-389.920837,-372.019165,-363.654572,-224.703537,-273.135406,-399.562042,-387.725739,-383.688507,-420.529999,-415.750549,-417.217407,-203.332397,-190.205139,-344.347717,-367.796539,-414.225098,-389.814331,-393.661346,-415.346252,-436.559143,-422.951935,-273.884369,-261.638580,-251.035034,-262.802643,-382.085388,-394.570374,-418.339813,-434.644409,-400.206543,-410.379974,-424.274292,-460.943024,-469.310974,-462.698120,-353.868042,-303.763336,-278.889618,-266.927460,-275.390900
14.383270,-12.754562,-10.708481,22.739151,69.865433,82.813507,88.614883,80.324890,46.743256,29.850372,20.969528,62.643784,69.323212,82.925766,104.587799,111.632401,51.036575,48.948624,48.456436,45.801224,39.621780,30.316589,26.632874,86.492783,99.966476,93.932098,86.666946,83.035034,70.726730,63.390060,49.305023,91.073013,54.623093,48.173782,49.404968,36.518066,35.842529,63.384476,49.972015,63.159760,74.809906,84.896805,67.050781
2306.276611,2286.480957,2281.755859,2286.366211,2277.523682,2279.805908,2336.926514,2336.654785,2302.165283,2290.355225,2282.035889,2301.123291,2302.047119,2297.177734,2320.917480,2320.715332,2312.528076,2300.533203,2300.932373,2259.493896,2254.210205,2272.477539,2288.191406,2294.295898,2341.492188,2338.262451,2343.844482,2340.457764,2314.323975,2315.628418,2329.692139,2301.031494,2302.666016,2272.610352,2254.979248,2264.863037,2271.332520,2279.539551,2347.592041,2353.240479,2347.212158,2343.100342,2337.213623
-212.272995,-208.082886,-199.043182,-147.282837,-148.342514,-147.190887,-4.298764,-62.696316,-197.741577,-207.436310,-199.994217,-212.283234,-211.643982,-210.442657,37.686966,44.402115,-126.970894,-145.030685,-209.700531,-208.053772,-209.636200,-225.126785,-236.020096,-218.507614,-47.025673,-30.999580,-31.267303,-43.132454,-142.095520,-158.095261,-177.028687,-183.288605,-198.714645,-237.241730,-271.199646,-251.208588,-214.927505,-266.689728,-83.271286,-48.170933,-31.999269,-28.057423,-31.524761
-8.240692,-19.654327,-23.331665,-0.326660,40.538940,39.258667,42.853302,51.746643,49.690979,-6.682617,-8.797699,10.421112,14.212341,34.214752,49.349731,49.321930,29.577820,28.235260,21.619843,43.295624,42.288940,31.089996,29.028961,57.462036,52.814636,52.919067,47.645966,51.323578,27.511993,24.716309,18.327179,82.843109,28.274139,3.191803,6.558746,-7.235626,14.217712,47.084625,59.705017,56.202301,60.508636,60.516693,66.127075
2297.267822,2284.694824,2284.848145,2328.906006,2338.244385,2341.652100,2338.498535,2334.408691,2351.255859,2332.333008,2334.372803,2349.104004,2345.068115,2339.736328,2337.796387,2331.450195,2294.326416,2292.756592,2318.030762,2294.419678,2293.170654,2299.502930,2295.600342,2339.287598,2353.113037,2353.052490,2329.026855,2325.020020,2312.518799,2304.317383,2307.283936,2279.765381,2379.251953,2337.248779,2400.439453,2368.582275,2370.360352,2414.260986,2480.201904,2476.561035,2477.652588,2481.146973,2470.383301
-301.715607,-315.308136,-311.182251,-290.762939,-272.309509,-261.556763,-55.685532,-104.679276,-278.761444,-293.055206,-291.629883,-291.038177,-290.939301,-274.475067,-2.491928,13.413940,-186.212097,-211.539307,-281.836029,-295.380859,-312.476654,-322.500885,-338.852295,-279.567719,-80.283798,-72.897171,-68.876495,-84.165955,-217.251007,-234.132416,-265.341949,-273.993896,-283.637299,-305.958405,-313.841980,-325.017242,-328.367310,-332.963806,-116.602463,-77.216492,-57.454391,-48.335815,-73.819824
269.841797,259.963135,264.754822,289.928040,331.486694,342.161316,322.546539,315.973450,311.754089,310.689575,304.278015,340.233032,350.721069,350.371521,338.446716,342.023071,314.488708,310.721680,317.703613,319.900879,320.318176,316.816772,321.969116,356.167236,334.926819,332.228271,322.652527,321.274475,329.441650,322.937256,310.103851,339.916382,330.580688,324.264282,320.353271,297.847076,296.137207,332.348389,241.381485,261.536713,271.634399,281.802704,276.355164
2342.928467,2317.785156,2316.503418,2335.123535,2349.465088,2356.583984,2376.614502,2368.853027,2367.679199,2353.061523,2351.912842,2348.098877,2355.762451,2370.432617,2368.609131,2369.030762,2340.135742,2346.432617,2360.169678,2381.913818,2364.421387,2351.360107,2340.386963,2359.408447,2368.809082,2365.546631,2366.999023,2365.249756,2364.778076,2361.070557,2359.477295,2344.866943,2389.445068,2373.710938,2363.391113,2345.978760,2345.707275,2341.810059,2347.727783,2354.115479,2355.287109,2359.311035,2355.922852
-227.256973,-148.198822,-120.495483,-31.855194,-56.363342,-55.334373,-70.231903,-133.694168,-200.364655,-132.645447,-93.352715,-166.170090,-175.487045,-176.767410,17.683212,13.235653,-146.424194,-169.648453,-244.600143,-158.553650,-148.770203,-154.839478,-179.261093,-218.261261,-89.930069,-77.125046,-78.617523,-90.054787,-191.030838,-202.985336,-207.888123,-215.898407,-185.513779,-150.190643,-213.122406,-167.824097,-73.349136,-151.153290,-65.791931,-35.539131,-21.814379,-18.909264,-28.373096
-321.814636,-331.314789,-331.742249,-297.715942,-260.475067,-262.419342,-261.699341,-241.307587,-252.802734,-317.830017,-310.354950,-304.108093,-300.977631,-277.828430,-254.678558,-255.802490,-282.902496,-283.312378,-272.750732,-231.953308,-223.919708,-240.818604,-251.238678,-230.446533,-241.398956,-239.611938,-247.263947,-248.750763,-259.778778,-262.563934,-269.592804,-182.386841,-282.088837,-297.849518,-271.146484,-206.147018,-162.176788,-198.459732,-222.914764,-226.932892,-222.827789,-222.892670,-217.555634
2225.224365,2230.013672,2237.543457,2323.268555,2313.510498,2311.805664,2269.084717,2257.363770,2273.978516,2316.562500,2338.111572,2346.726807,2341.206299,2310.893066,2269.642822,2265.916504,2237.020264,2230.731445,2212.521240,2166.652832,2168.794678,2191.180664,2206.828369,2245.977539,2271.201416,2267.835449,2241.863770,2236.657471,2197.071777,2192.139893,2186.404053,2159.061279,2360.658203,2344.291504,2402.488525,2330.848633,2306.281738,2331.456055,2462.372803,2463.438232,2466.972412,2471.515625,2466.986816
0.000000,0.000000,0.000000,0.000000,0.000000,0.000000,0.000000,0.000000,0.000000,0.000000,0.000000,0.000000,0.000000,0.000000,0.000000,0.000000,0.000000,0.000000,0.000000,0.000000,0.000000,0.000000,0.000000,0.000000,0.000000,0.000000,0.000000,0.000000,0.000000,0.000000,0.000000,0.000000,0.000000,0.000000,0.000000,0.000000,0.000000,0.000000,0.000000,0.000000,0.000000,0.000000,0.000000
0.000000,0.000000,0.000000,0.000000,0.000000,0.000000,0.000000,0.000000,0.000000,0.000000,0.000000,0.000000,0.000000,0.000000,0.000000,0.000000,0.000000,0.000000,0.000000,0.000000,0.000000,0.000000,0.000000,0.000000,0.000000,0.000000,0.000000,0.000000,0.000000,0.000000,0.000000,0.000000,0.000000,0.000000,0.000000,0.000000,0.000000,0.000000,0.000000,0.000000,0.000000,0.000000,0.000000
0.000000,0.000000,0.000000,0.000000,0.000000,0.000000,0.000000,0.000000,0.000000,0.000000,0.000000,0.000000,0.000000,0.000000,0.000000,0.000000,0.000000,0.000000,0.000000,0.000000,0.000000,0.000000,0.000000,0.000000,0.000000,0.000000,0.000000,0.000000,0.000000,0.000000,0.000000,0.000000,0.000000,0.000000,0.000000,0.000000,0.000000,0.000000,0.000000,0.000000,0.000000,0.000000,0.000000
0.000000,0.000000,0.000000,0.000000,0.000000,0.000000,0.000000,0.000000,0.000000,0.000000,0.000000,0.000000,0.000000,0.000000,0.000000,0.000000,0.000000,0.000000,0.000000,0.000000,0.000000,0.000000,0.000000,0.000000,0.000000,0.000000,0.000000,0.000000,0.000000,0.000000,0.000000,0.000000,0.000000,0.000000,0.000000,0.000000,0.000000,0.000000,0.000000,0.000000,0.000000,0.000000,0.000000
0.000000,0.000000,0.000000,0.000000,0.000000,0.000000,0.000000,0.000000,0.000000,0.000000,0.000000,0.000000,0.000000,0.000000,0.000000,0.000000,0.000000,0.000000,0.000000,0.000000,0.000000,0.000000,0.000000,0.000000,0.000000,0.000000,0.000000,0.000000,0.000000,0.000000,0.000000,0.000000,0.000000,0.000000,0.000000,0.000000,0.000000,0.000000,0.000000,0.000000,0.000000,0.000000,0.000000
0.000000,0.000000,0.000000,0.000000,0.000000,0.000000,0.000000,0.000000,0.000000,0.000000,0.000000,0.000000,0.000000,0.000000,0.000000,0.000000,0.000000,0.000000,0.000000,0.000000,0.000000,0.000000,0.000000,0.000000,0.000000,0.000000,0.000000,0.000000,0.000000,0.000000,0.000000,0.000000,0.000000,0.000000,0.000000,0.000000,0.000000,0.000000,0.000000,0.000000,0.000000,0.000000,0.000000
-246.252289,-221.187042,-218.105835,-263.571106,-250.033569,-253.363129,-243.401764,-263.477722,-258.801758,-235.066025,-245.842102,-282.532074,-286.516510,-288.966736,-221.288101,-214.184738,-272.914429,-271.498291,-243.672241,-235.257233,-258.530579,-263.622131,-260.223480,-285.924255,-235.576645,-239.055969,-246.702087,-254.516281,-279.037811,-278.634094,-269.409424,-286.129211,-270.134918,-266.659454,-262.680939,-294.777985,-289.968903,-307.675049,-265.596527,-252.495636,-253.810196,-251.206497,-251.452026
-591.603821,-605.173462,-603.294006,-578.640869,-559.149963,-551.741577,-529.288879,-538.791199,-573.139526,-599.949890,-612.874512,-576.249084,-573.102661,-551.143799,-522.028076,-521.114502,-554.188782,-560.966064,-578.982849,-593.632996,-595.201721,-596.709106,-594.137085,-543.649170,-532.607849,-537.431519,-533.239319,-533.205811,-558.150513,-569.463928,-583.858032,-524.269287,-588.438843,-610.250977,-627.131470,-624.063477,-621.080627,-571.495972,-532.189392,-536.847656,-528.650146,-527.055908,-530.254150
2360.590820,2407.364502,2406.086914,2406.109863,2415.599854,2401.452637,2325.666260,2311.531006,2336.779785,2372.863525,2403.801270,2409.491699,2399.972168,2383.618164,2401.195801,2395.109619,2303.399414,2309.489258,2344.038818,2370.505371,2403.461426,2404.282715,2403.261475,2386.696289,2424.524414,2420.911621,2331.428467,2320.597656,2295.632812,2318.186768,2331.747559,2372.088623,2365.876709,2378.597412,2397.132568,2395.641357,2398.056152,2376.009033,2408.617676,2400.996094,2396.740234,2396.380859,2385.636475
254.821701,278.194580,285.251007,198.644165,253.092316,247.957550,56.892723,57.640457,240.223190,246.489166,223.480255,160.569550,202.951202,224.998932,67.182442,71.443817,89.567383,113.960297,255.235184,181.600281,151.615448,141.206177,178.720840,216.997772,37.767822,35.267357,36.502148,31.774403,133.021790,161.334305,240.004013,183.340500,211.359177,155.934998,103.480682,96.645416,115.201447,195.338638,-12.594513,-3.293362,-6.996719,-2.793915,-5.052858
-85.986748,15.856232,-142.307281,29.879005,-114.992439,-169.622925,-509.303436,-508.801636,-89.410088,15.326035,-275.436066,22.537392,-49.724075,-196.668304,-494.159302,-495.298828,-486.599091,-475.041351,-107.851532,176.124359,186.725815,182.380341,126.874084,-201.949524,-498.039307,-504.919891,-506.562469,-507.214417,-457.217163,-435.436035,-132.909393,-218.333099,-83.364059,170.807373,193.146835,173.118057,152.629776,-173.567810,-510.028778,-517.658813,-512.103882,-512.129822,-506.339050
2281.768311,2274.627930,2236.843750,2403.090088,2352.677734,2340.628174,2436.152832,2425.786621,2285.460693,2291.403564,2309.276367,2381.442139,2368.285400,2363.621094,2449.068115,2448.484619,2397.746338,2385.592529,2279.797607,2424.529785,2394.673340,2344.061035,2326.262207,2351.347412,2467.906738,2463.959717,2445.892334,2441.352051,2366.819824,2379.488770,2266.524902,2339.321777,2289.541504,2431.592285,2416.522217,2344.760254,2330.754639,2362.898926,2482.240967,2499.743896,2499.214355,2496.829102,2500.904785
-285.955414,-279.142700,-277.083740,-296.302795,-276.256500,-283.979889,-292.022278,-304.384216,-284.441071,-274.492554,-283.757446,-291.126465,-297.348511,-295.930420,-284.442261,-283.584839,-306.866211,-305.843872,-281.622559,-291.988892,-284.586212,-296.218781,-289.833832,-292.600372,-275.032227,-279.532379,-281.972504,-293.120911,-287.800110,-294.380707,-284.791565,-292.995850,-288.257355,-281.305023,-289.683960,-309.770935,-305.229340,-298.241516,-279.093292,-284.613708,-286.433716,-284.219543,-290.581299
-1001.508301,-1017.775330,-1015.821350,-994.094116,-975.079773,-967.265869,-934.074524,-943.041809,-982.083984,-1011.707031,-1026.520020,-993.215088,-989.947266,-966.872681,-933.835754,-930.926147,-956.089600,-965.856323,-984.884399,-1005.081665,-1010.642090,-1011.949341,-1009.523193,-959.115356,-947.582581,-952.502563,-940.728210,-936.665283,-960.883545,-973.561707,-991.635498,-938.196167,-999.768921,-1024.743164,-1042.472900,-1040.726440,-1037.718018,-986.823853,-948.908936,-951.212891,-943.823730,-942.117065,-943.855469
2424.945557,2413.728027,2399.671387,2401.307617,2426.011963,2418.241699,2411.749756,2405.597900,2414.940430,2426.397705,2437.903809,2413.337158,2409.909424,2415.753418,2418.153320,2427.841553,2409.654297,2402.969482,2431.876465,2406.926025,2424.074707,2422.430908,2426.244385,2421.154053,2427.872070,2422.675049,2411.913818,2417.370850,2403.239258,2419.868652,2417.289795,2423.792236,2431.966797,2421.983643,2413.690918,2401.505371,2409.346191,2414.062256,2422.114502,2433.489014,2419.928467,2422.009277,2423.657227
285.110840,527.068787,533.487061,214.393478,186.935974,192.879379,167.569275,171.275909,273.908417,490.879700,463.803955,139.629791,116.481331,164.065186,141.685181,141.474899,164.889191,181.368988,255.073837,284.111298,533.490967,474.425018,337.525574,173.688797,125.932060,118.697746,102.900513,96.608871,207.285583,221.969711,235.708450,147.921326,239.449020,285.395996,514.288635,382.871399,327.832825,183.285263,88.017448,85.603516,83.416557,80.340195,83.192146
-293.583984,-250.882416,-431.688019,-155.478271,-447.287079,-525.770264,-911.281494,-910.003662,-307.908905,-238.159653,-576.085144,-137.338074,-280.661804,-535.660522,-903.503540,-905.338989,-883.259644,-864.833557,-349.414673,228.884155,296.076782,96.468079,-77.353973,-566.547607,-905.721313,-913.597290,-917.949829,-918.606445,-822.568115,-730.127747,-385.370850,-609.902405,-308.722321,267.803467,326.021729,13.477417,-65.813873,-507.619843,-912.598022,-923.394165,-912.686035,-916.909424,-909.710144
2533.832764,2477.107666,2406.324219,2594.653809,2601.623047,2567.600830,2446.671143,2438.278564,2567.414307,2515.243408,2470.337158,2600.040527,2629.084717,2608.720947,2479.743408,2480.592529,2430.219727,2428.789795,2556.440186,2428.798828,2445.161133,2523.932861,2573.480225,2582.465088,2474.458984,2471.144287,2466.151611,2465.935059,2456.011963,2493.224121,2557.491699,2527.437744,2518.266602,2410.681396,2438.930420,2542.186523,2562.190430,2587.077637,2509.562256,2512.289062,2494.849365,2511.000488,2495.599365
0.000000,0.000000,0.000000,0.000000,0.000000,0.000000,0.000000,0.000000,0.000000,0.000000,0.000000,0.000000,0.000000,0.000000,0.000000,0.000000,0.000000,0.000000,0.000000,0.000000,0.000000,0.000000,0.000000,0.000000,0.000000,0.000000,0.000000,0.000000,0.000000,0.000000,0.000000,0.000000,0.000000,0.000000,0.000000,0.000000,0.000000,0.000000,0.000000,0.000000,0.000000,0.000000,0.000000
0.000000,0.000000,0.000000,0.000000,0.000000,0.000000,0.000000,0.000000,0.000000,0.000000,0.000000,0.000000,0.000000,0.000000,0.000000,0.000000,0.000000,0.000000,0.000000,0.000000,0.000000,0.000000,0.000000,0.000000,0.000000,0.000000,0.000000,0.000000,0.000000,0.000000,0.000000,0.000000,0.000000,0.000000,0.000000,0.000000,0.000000,0.000000,0.000000,0.000000,0.000000,0.000000,0.000000
0.000000,0.000000,0.000000,0.000000,0.000000,0.000000,0.000000,0.000000,0.000000,0.000000,0.000000,0.000000,0.000000,0.000000,0.000000,0.000000,0.000000,0.000000,0.000000,0.000000,0.000000,0.000000,0.000000,0.000000,0.000000,0.000000,0.000000,0.000000,0.000000,0.000000,0.000000,0.000000,0.000000,0.000000,0.000000,0.000000,0.000000,0.000000,0.000000,0.000000,0.000000,0.000000,0.000000
0.000000,0.000000,0.000000,0.000000,0.000000,0.000000,0.000000,0.000000,0.000000,0.000000,0.000000,0.000000,0.000000,0.000000,0.000000,0.000000,0.000000,0.000000,0.000000,0.000000,0.000000,0.000000,0.000000,0.000000,0.000000,0.000000,0.000000,0.000000,0.000000,0.000000,0.000000,0.000000,0.000000,0.000000,0.000000,0.000000,0.000000,0.000000,0.000000,0.000000,0.000000,0.000000,0.000000
0.000000,0.000000,0.000000,0.000000,0.000000,0.000000,0.000000,0.000000,0.000000,0.000000,0.000000,0.000000,0.000000,0.000000,0.000000,0.000000,0.000000,0.000000,0.000000,0.000000,0.000000,0.000000,0.000000,0.000000,0.000000,0.000000,0.000000,0.000000,0.000000,0.000000,0.000000,0.000000,0.000000,0.000000,0.000000,0.000000,0.000000,0.000000,0.000000,0.000000,0.000000,0.000000,0.000000
0.000000,0.000000,0.000000,0.000000,0.000000,0.000000,0.000000,0.000000,0.000000,0.000000,0.000000,0.000000,0.000000,0.000000,0.000000,0.000000,0.000000,0.000000,0.000000,0.000000,0.000000,0.000000,0.000000,0.000000,0.000000,0.000000,0.000000,0.000000,0.000000,0.000000,0.000000,0.000000,0.000000,0.000000,0.000000,0.000000,0.000000,0.000000,0.000000,0.000000,0.000000,0.000000,0.000000
-351.087585,-367.335602,-367.762207,-346.565155,-326.999603,-317.945526,-133.352203,-182.046051,-332.764862,-345.095459,-340.258911,-361.806335,-360.911438,-349.016113,-128.022324,-116.120071,-250.172028,-270.332642,-340.071289,-358.181122,-370.325012,-385.021820,-393.731445,-363.580505,-195.117813,-182.984283,-160.403503,-172.259125,-273.566376,-288.668427,-327.045105,-350.767761,-349.846069,-377.361755,-388.692749,-398.702454,-406.075226,-415.438599,-220.940475,-186.113251,-170.278046,-165.814514,-168.998840
276.918091,256.296600,256.936035,284.247986,312.767853,322.435425,333.452057,326.313446,297.686584,271.438354,259.746185,297.759521,301.321899,322.328125,344.577881,346.929565,314.747681,308.431030,287.023193,267.746063,265.826233,265.571716,268.480072,326.792725,339.762939,335.702179,333.645874,332.703949,307.470703,299.866119,285.261719,337.588501,283.272888,260.982056,240.966446,246.931793,249.090240,296.048035,335.216187,332.820892,339.013519,339.744995,339.355042
2401.209961,2372.908447,2367.322754,2374.192627,2384.520996,2394.418213,2446.743408,2441.016846,2421.335205,2392.488037,2377.363770,2390.340332,2394.101562,2400.596436,2452.506836,2446.083740,2422.859863,2417.572510,2419.294189,2405.036377,2395.199219,2388.064697,2387.699219,2404.182861,2441.986084,2440.974854,2447.246094,2446.274414,2438.110352,2432.384766,2428.301758,2400.975830,2423.774414,2397.447266,2385.822510,2381.500000,2379.440186,2385.373047,2455.210205,2453.496826,2456.552002,2457.036621,2446.943604
49.072128,49.205620,49.240189,49.511440,49.610760,49.643200,50.608181,50.711700,51.005867,51.146736,51.209747,51.544147,51.578575,51.677197,52.311695,52.375908,52.814640,52.841602,53.015491,53.216347,53.309719,53.380440,53.447678,53.748032,54.245117,54.280201,54.649956,54.683853,54.880322,54.914742,55.012226,55.746292,57.113670,57.316410,57.424145,57.518021,57.552101,57.784409,58.355526,58.453957,58.515957,58.552181,58.885849
