19,43
-1.000000,4.000000,0.000000,-1.000000,4.000000,0.000000,7.000000,0.000000,-1.000000,4.000000,0.000000,4.000000,-1.000000,0.000000,7.000000,0.000000,7.000000,0.000000,-1.000000,0.000000,-1.000000,4.000000,-1.000000,0.000000,7.000000,0.000000,7.000000,0.000000,7.000000,0.000000,-1.000000,0.000000,-1.000000,0.000000,-1.000000,4.000000,-1.000000,0.000000,7.000000,0.000000,7.000000,0.000000,7.000000
24.818092,27.104029,24.983448,17.385115,22.144880,21.877899,14.453321,16.578419,25.652092,29.835045,31.676092,27.059427,27.189363,25.769533,10.756910,12.786294,21.577463,22.897951,26.735023,35.870838,35.645687,33.292183,34.450161,24.895258,13.919862,13.581436,16.020185,16.759142,23.322025,26.282047,26.723042,29.789135,21.663237,28.452421,23.517090,26.058834,21.837969,11.031729,8.431423,6.412703,7.314883,7.643418,8.595600
12.650753,11.628254,11.492502,7.250658,17.432428,18.588682,19.607435,17.591568,15.918050,15.259350,15.956046,15.773139,15.684752,16.472139,20.951073,21.255299,12.851343,13.530981,13.449234,15.034153,15.369697,10.866691,9.468510,13.464936,16.852688,18.042650,17.564022,17.444485,12.653980,13.081758,9.781044,11.618270,20.758976,22.767294,25.189041,26.774555,24.441380,17.111097,10.103535,11.068487,12.457737,13.473952,11.563148
109.288010,110.813454,109.010788,101.866951,103.613823,104.130707,98.497299,100.887978,109.148796,114.307289,115.121719,108.783699,108.437325,107.082024,91.832939,93.279480,105.996254,107.318794,110.742645,117.098854,115.679375,115.018814,116.680206,106.959351,96.555687,95.687660,98.683121,98.768776,105.150391,106.796616,105.416298,99.219727,105.319603,112.593384,113.060600,112.382126,103.872353,100.965729,-93.295876,-92.874023,-92.113190,-91.822472,-94.301079
82.106483,85.982811,89.453979,86.848389,87.410255,88.079628,94.362869,93.653114,84.818016,84.540771,82.883133,85.831291,87.672096,87.063362,97.662178,97.636673,85.326981,82.708641,83.823303,82.328674,83.698860,84.509544,81.785194,88.001129,95.472641,95.571785,94.036430,93.781982,82.421265,81.995193,84.667259,90.246666,88.952843,88.117332,85.073814,76.305794,77.749809,91.126511,84.632042,88.661118,91.271133,92.638985,89.261902
74.718277,85.838921,65.260277,91.806473,69.369865,61.413578,13.904422,13.425485,77.698868,91.832626,58.228203,97.153481,85.614365,65.238258,19.161732,16.804771,14.615501,15.276532,73.484520,112.603386,115.260880,113.337212,101.928734,61.428753,13.858443,12.761288,15.476754,14.969413,23.213512,28.702784,74.698540,63.311584,82.166298,115.082420,121.932510,118.247940,113.907242,65.998276,16.317787,14.832543,17.091658,17.212889,18.356400
10.731759,14.502143,14.655037,19.956341,10.792149,10.398562,16.778471,13.821582,8.586958,13.026361,14.803754,9.716404,8.809728,5.288205,18.165102,17.281239,17.065331,16.532503,7.472230,14.710467,16.934847,16.632566,17.149267,3.568589,12.592990,13.074227,13.949274,13.522031,8.907459,8.419862,5.280641,7.793317,7.834788,9.925015,9.912068,18.545675,16.133051,2.914368,10.784450,6.657673,8.540608,9.428233,11.488833
61.032707,54.987385,53.239521,65.347961,52.567524,53.052685,-103.411621,103.183014,45.721703,36.963634,36.893402,46.270924,44.400013,52.533554,-109.160347,-106.736977,102.398781,98.099098,51.263634,51.816120,48.897587,44.971291,39.654976,53.895420,103.286446,102.684288,-105.156235,-104.823990,85.266151,81.373398,49.559517,62.481068,42.106972,63.287563,59.881886,51.798595,49.891426,62.235825,104.170456,103.567413,106.379143,106.336548,108.333862
97.275993,100.489738,101.283104,106.207993,96.296753,95.286674,87.095901,87.216507,88.296150,89.375221,89.431297,85.798279,86.069839,86.441757,103.191048,100.894157,95.518913,98.190559,95.691193,103.522682,106.100807,104.703186,103.206749,93.287331,100.755112,99.387650,88.859901,87.987015,94.262001,93.845222,91.859673,-91.897942,87.102982,92.001183,95.168282,89.696205,88.594719,92.493446,100.776016,96.205429,97.930199,98.948318,98.670647
-10.750797,-12.531124,-13.322503,-17.497494,-14.851929,-15.428791,-11.684709,-10.816816,-9.263741,-20.531540,-24.714617,-17.423933,-18.431273,-15.558857,-11.494902,-12.879948,-14.429179,-15.101374,-10.103203,-12.039351,-10.653384,-10.307480,-12.976326,-6.516620,-10.173397,11.209764,-8.219769,-8.584419,-11.732839,-12.121593,-11.502748,-14.910159,-15.207099,-26.181675,-15.973528,-16.570051,23.403814,23.974869,4.910274,3.609994,2.936317,2.647302,0.932092
99.110748,-102.116318,-102.121201,-104.257393,-102.834579,-102.315620,92.420212,91.834457,98.910393,-107.268417,-108.348564,-106.963905,-108.306580,-105.098083,96.053612,96.487968,103.556900,103.923653,96.715347,-101.990105,-100.571136,-99.439484,-102.846771,95.274536,91.145103,89.570045,91.716507,92.698456,96.557549,97.488937,95.207130,93.735924,105.081924,-112.310776,-96.363258,-90.441956,-83.755966,-71.081284,-85.597000,-86.831703,-87.405968,-87.623924,-89.160576
140.606888,140.509415,139.262909,140.716583,139.646744,139.192841,131.173431,131.123108,141.466965,141.824692,142.864777,138.379410,138.343216,138.089310,123.448647,122.460838,137.129089,139.712585,140.433182,141.577042,142.274368,141.092377,143.761398,136.565720,124.960579,125.839409,128.329453,129.277863,141.333939,141.550644,139.154190,136.251038,138.068390,135.413254,133.666672,136.306335,135.240891,133.856796,126.192528,125.191193,123.619484,122.731575,128.377762
72.012154,70.828140,70.804825,74.926437,68.789993,67.420807,66.106552,66.526657,68.304420,69.288078,71.507835,66.609947,66.784760,68.578651,62.214767,62.080696,67.666115,69.563309,68.019829,69.678932,68.386047,70.263809,72.736710,66.730263,64.100662,63.397999,65.298210,65.273170,67.912636,67.955956,68.411438,68.021240,64.981911,62.546337,58.723091,61.763119,62.990517,64.564880,65.850502,64.126900,63.006683,62.016956,65.880508
99.587440,77.953392,63.122383,102.052994,102.662323,93.256180,-11.901135,-6.415393,104.332474,84.080345,55.161892,119.918877,121.262466,93.822380,-6.498631,-6.159407,8.716837,15.974260,104.914581,16.288166,32.846336,71.175331,100.097069,88.576202,-7.282787,-7.269197,-6.317331,-4.772986,28.810244,37.941631,106.542725,82.187683,106.769493,6.672973,33.973415,89.810516,101.603691,88.278778,-6.063591,-8.910833,-13.100500,-10.074759,-15.274110
14.395220,23.905571,30.939459,21.468161,27.337200,26.418671,-94.352196,-93.856461,-14.450433,6.097765,-35.787800,-29.918909,32.350227,24.015322,-95.066467,-93.981621,88.471207,82.588844,15.306898,75.188583,58.010784,-18.953060,-11.944016,22.531860,-97.170898,-96.669693,-94.789848,-93.777298,64.927750,56.007607,16.767027,35.098503,17.276697,89.863113,64.107498,10.670846,14.841372,29.576679,-95.192665,-98.122665,-101.829941,-98.944550,-103.585709
15.850508,-18.715284,-20.318863,-12.390419,-10.221429,9.329614,21.319368,22.907280,19.597692,15.567232,11.388024,9.221621,9.674794,11.137897,-3.072496,3.706233,19.970934,16.403637,19.423164,14.709767,11.149877,12.032817,10.738432,10.690268,-6.917187,-4.878011,19.295570,22.661118,21.677404,19.542484,18.567352,15.400718,17.147009,11.680375,12.714000,6.550266,8.764705,11.059287,-4.483624,6.278416,4.154401,3.898576,4.945379
-79.518127,-90.851624,-93.128326,-96.342308,-90.105186,-87.559830,68.692200,-67.126762,-70.908363,-76.106979,-81.056732,-85.615990,-84.244370,-81.185570,-90.961899,-87.599197,70.030190,-73.609978,-72.752525,-81.187378,-89.315529,-88.776878,-87.495438,-83.683708,-93.529343,-93.041672,70.704773,-67.360474,68.640358,70.491776,-71.824944,-80.672394,-73.723724,-80.423515,-84.997894,-85.881966,-84.703972,-83.712570,-90.722244,-85.274315,-87.072144,-87.251251,-85.228378
14.222508,17.174662,16.715036,23.835754,23.661255,23.186863,7.516272,7.534500,21.325726,28.232643,32.783096,28.020451,27.926750,24.426411,9.959255,8.717918,11.414215,14.132826,21.477825,37.443890,37.650585,34.836170,33.580338,26.247751,7.612364,6.562140,7.676545,7.706374,19.781178,19.594709,19.825037,19.611790,21.748034,26.510416,30.992645,27.398615,26.462549,20.767040,12.753230,10.957919,11.011758,12.249458,11.744806
49.072129,49.205619,49.240187,49.511440,49.610758,49.643200,50.608180,50.711700,51.005867,51.146735,51.209749,51.544149,51.578576,51.677196,52.311696,52.375909,52.814641,52.841603,53.015490,53.216345,53.309720,53.380440,53.447679,53.748030,54.245117,54.280202,54.649956,54.683855,54.880323,54.914743,55.012226,55.746292,57.113672,57.316410,57.424146,57.518021,57.552101,57.784410,58.355527,58.453956,58.515958,58.552180,58.885850
