19,62
7.000000,-1.000000,1.000000,-1.000000,0.000000,7.000000,-1.000000,1.000000,-1.000000,0.000000,7.000000,0.000000,1.000000,-1.000000,1.000000,-1.000000,0.000000,7.000000,-1.000000,1.000000,-1.000000,1.000000,-1.000000,0.000000,7.000000,-1.000000,1.000000,-1.000000,1.000000,-1.000000,0.000000,7.000000,-1.000000,7.000000,0.000000,-1.000000,1.000000,-1.000000,0.000000,7.000000,-1.000000,0.000000,-1.000000,1.000000,-1.000000,0.000000,7.000000,-1.000000,1.000000,-1.000000,0.000000,7.000000,0.000000,-1.000000,1.000000,-1.000000,0.000000,7.000000,0.000000,1.000000,0.000000,7.000000
12.906914,12.055779,12.283631,11.948769,12.510945,13.929739,13.842951,13.133350,13.706855,14.953275,12.514775,12.904193,9.913080,10.979565,11.902047,12.573803,13.147411,12.679117,12.307190,9.149760,9.403685,9.632556,11.098652,11.712533,11.320930,11.175490,10.330283,9.851154,11.299685,13.000592,13.478378,15.437390,12.327762,13.418379,12.982515,11.858318,10.555866,12.827538,12.878384,13.762734,13.639443,14.026106,12.352115,12.792172,12.629903,13.020555,15.449856,15.522516,24.375273,14.465166,14.934031,14.489085,13.758973,13.024527,12.874017,14.116970,14.044693,13.951073,13.683443,10.669831,10.536946,12.218192
5.280530,10.272304,50.043762,57.034325,47.828514,5.304484,12.482063,51.873840,70.160088,48.952477,5.929661,3.579437,86.660141,88.885254,85.525444,59.442261,48.055267,6.351565,10.114060,58.898891,71.736969,80.514656,62.374645,52.334106,8.558206,8.983801,52.099754,72.080673,76.273529,63.793804,44.479675,5.580616,9.930720,3.659500,7.897570,56.700043,84.604340,63.850658,43.836739,8.019296,11.004586,6.438214,32.466904,53.948750,52.697868,48.678650,8.929621,12.260222,54.567783,56.689293,46.299679,14.911461,18.995504,58.317036,72.723366,64.529854,53.181557,4.943398,4.942526,73.512939,52.386929,12.036633
-79.448692,-78.470284,81.574257,80.464340,78.630936,-77.727539,-76.708931,79.444031,76.376656,-75.058784,-78.912979,-77.429497,82.565773,83.773354,82.039185,78.733841,77.348434,-78.621613,-78.361053,85.227196,86.512321,87.117149,79.402443,78.378120,-79.771904,-79.331619,82.043991,84.148087,82.832085,78.047462,76.537498,-77.309113,-78.401733,-77.080864,-77.613197,79.447815,81.954147,78.596550,77.194374,-78.738403,-77.989883,81.317444,82.355751,82.895065,78.532310,77.401337,-76.822983,-75.146843,91.475136,81.964828,78.500984,-76.824516,-76.248199,77.613602,78.445457,77.581017,76.719055,-77.941978,-76.633965,80.996063,81.434555,-78.232834
90.610275,-99.861359,53.281727,73.511047,83.390755,94.373215,-101.978729,65.948044,94.932449,95.488808,94.411964,88.544601,69.869995,65.323120,66.397087,76.271561,83.623505,93.859528,-99.673401,52.846077,48.067642,49.052563,80.418434,86.259308,94.000229,-98.780663,54.417332,49.135990,54.617115,78.162788,87.608421,-95.579918,-99.355766,-93.348694,84.327675,59.816311,73.089310,71.874893,85.533150,97.672218,-100.149101,93.905380,78.520828,69.468887,82.367012,89.024696,97.891991,-102.029869,65.560501,78.708206,81.940506,-79.401672,71.879692,73.863686,80.782547,76.744942,80.987061,94.914032,94.936539,83.432640,78.760445,-80.030342
8.039589,10.263202,23.220114,26.162758,24.669703,11.473186,10.786221,20.802156,14.709377,10.233603,11.977370,13.377081,20.648682,27.596260,28.004332,23.780859,20.238113,11.269266,9.143595,21.380379,26.790758,30.661757,19.995577,16.817160,10.637875,10.271364,19.277199,23.565971,25.846315,21.488289,16.428747,9.963421,8.278703,10.392128,9.423750,15.034298,19.243467,25.901644,19.152407,5.427514,6.639799,14.845438,15.396153,21.037178,25.079733,22.806515,12.300138,12.017162,18.680737,25.405289,23.282928,9.769379,14.262029,18.111820,19.512968,25.147871,24.007837,9.565669,13.060950,19.919233,26.186596,14.393420
17.105330,12.578085,23.619640,17.560207,17.832241,20.787958,19.779190,23.210106,20.578596,23.001535,17.771809,18.736603,19.038086,17.274927,18.628614,18.711750,18.209667,19.599483,13.800653,16.795958,16.194363,16.523045,17.539129,17.636745,11.317275,10.243306,23.352966,23.458599,23.196377,25.693684,22.705847,19.683386,16.627756,18.785923,17.348135,24.350637,23.474739,23.434378,22.408920,15.392255,15.717020,22.314892,24.091869,24.615915,20.574972,18.485170,15.711751,17.593105,27.988813,24.440001,24.198553,16.268074,18.975044,20.719772,22.044735,20.140429,20.156637,16.974207,15.882097,19.337364,16.847692,18.006260
82.876068,80.876129,-70.612686,-65.153534,-65.396072,82.419739,84.828888,-70.470779,-75.649071,79.879959,81.441963,79.425690,-71.055809,-71.469490,-69.413391,-68.136581,-69.928070,82.235542,82.007538,-73.615669,-72.993019,-70.459114,-70.774117,-73.210403,83.055702,81.821144,-74.320129,-74.781036,-71.315086,-68.998772,73.725296,89.017067,82.591187,82.811821,84.487762,-75.751686,-74.797241,-64.892159,70.850601,88.003365,85.305382,76.577827,74.666855,-70.627609,-64.985138,67.338127,82.878235,81.035797,-73.249443,-65.354347,-66.717575,82.723824,77.368263,-72.021706,-71.535477,-66.016609,-66.274986,82.028900,79.915085,-72.543236,-65.404633,79.566261
-105.015099,-98.149689,-94.686913,-97.562660,-98.425583,-106.000908,-102.700531,-94.596504,-101.834290,-105.373070,-104.221985,-102.183784,-97.020462,-95.293457,-95.365341,-99.978195,-100.236946,-104.980141,-100.590111,-96.377144,-94.497307,-94.397827,-101.244751,-103.049347,-99.330345,-96.551086,-97.783875,-97.363930,-98.176315,-102.347733,-103.140045,-104.832329,-102.092514,-102.812546,-102.750816,-98.263611,-96.096298,-99.541489,-102.047134,-102.997650,-102.999794,-99.606384,-97.780136,-94.606781,-99.064201,-99.878838,-101.603622,-100.976234,-98.393631,-100.279724,-101.053024,-102.798531,-101.672989,-98.080147,-96.559692,-96.925186,-99.396431,-104.049088,-99.396889,-95.893906,-96.699142,-101.103218
0.000000,0.000000,0.000000,0.000000,0.000000,0.000000,0.000000,0.000000,0.000000,0.000000,0.000000,0.000000,0.000000,0.000000,0.000000,0.000000,0.000000,0.000000,0.000000,0.000000,0.000000,0.000000,0.000000,0.000000,0.000000,0.000000,0.000000,0.000000,0.000000,0.000000,0.000000,0.000000,0.000000,0.000000,0.000000,0.000000,0.000000,0.000000,0.000000,0.000000,0.000000,-13.295311,-11.016173,-9.227415,5.406605,4.928196,2.505303,1.365874,-35.999367,-19.814550,-17.804094,7.125933,3.864269,2.836004,2.556807,1.110651,1.000538,0.389165,0.207479,0.110143,0.044235,0.000000
-89.998871,-89.998833,89.998917,89.998756,89.998726,-89.998856,-89.998756,89.998825,89.998741,89.998726,-89.998932,-89.998749,89.998848,89.998917,89.998878,89.998756,89.998734,-89.998917,-89.998825,89.998840,89.998901,89.998924,89.998726,-89.998734,-89.998962,-89.998848,89.998886,89.998970,89.998932,89.998756,-89.998726,-89.998886,-89.998802,-89.998764,-89.998764,89.998817,89.998871,89.998795,89.998726,-89.998848,-89.998802,93.800049,93.500504,93.596458,89.392891,88.719612,87.949959,89.056885,105.358902,93.207993,90.014496,85.243736,88.273315,89.435371,89.800598,89.826523,89.716728,89.686531,89.859673,89.991615,89.991600,89.984978
83.517227,32.549427,29.075527,61.852398,77.013786,74.636978,28.639956,22.395164,37.240337,71.071342,77.158417,82.822823,16.567753,16.280504,21.079168,56.077320,71.605843,77.656296,36.497715,26.182493,21.792892,19.537653,62.031116,76.038361,71.883720,34.511223,29.901403,20.376064,19.085844,51.846050,80.482742,78.055984,40.056080,63.197884,78.999252,47.006676,10.130344,49.703968,75.758430,71.958099,41.700546,65.909187,49.580452,29.642355,49.754166,60.058720,67.443237,39.218063,29.622103,64.809448,78.035591,128.862030,133.424866,48.344852,22.200748,50.002972,66.432930,74.233002,70.941620,21.825720,73.490387,113.321739
22.926268,-57.530151,-69.582077,-40.380978,-25.565163,24.976763,-62.171989,-75.544708,-57.824627,-24.274572,31.044836,8.905806,-73.493797,-73.753540,-69.611290,-43.027817,-27.672041,23.074770,-53.516743,-72.052483,-73.908684,-74.340424,-36.830185,-23.518997,21.948214,-55.770100,-68.395126,-73.084534,-73.814697,-48.599274,-20.477760,25.690870,-50.132412,26.833733,12.653481,-49.419731,-79.876328,-49.122658,-24.128330,21.810970,-48.312416,-32.557156,-51.444500,-68.688286,-45.034550,-34.317356,33.463512,-50.782177,-68.961250,-39.260315,-22.939413,54.522736,50.767620,-43.653015,-71.496002,-47.356091,-33.296921,21.890606,-19.210842,-72.960678,-25.066402,50.033195
23.981962,17.682508,25.297525,26.287027,24.356932,23.554050,7.542283,24.537426,31.229046,24.788076,18.956339,13.420939,15.530746,-32.524334,34.232872,29.229387,22.992523,19.863506,17.595501,21.492941,-29.459579,32.899830,27.423512,25.101942,20.829393,18.051050,24.702353,-29.254612,31.852892,23.628904,21.321011,20.850176,22.345032,13.408309,9.514154,18.884563,23.735872,26.359922,23.532370,21.649549,21.062460,18.415960,17.432827,24.420332,28.242807,26.894585,22.190813,19.371658,26.982573,29.533014,24.929527,20.753647,12.459764,22.714817,25.085783,30.017393,29.657917,17.408176,10.677355,24.519245,25.960403,17.203377
-70.817940,-75.801453,-85.504654,-75.986847,-74.345108,-70.144974,-83.637253,-85.778259,-82.238373,-82.520874,-72.710014,-77.393929,-80.476593,-90.171021,-88.324875,-79.666939,-79.222229,-72.886230,-76.492134,-87.072868,-90.176231,-83.952454,-75.082481,-73.764252,-70.817764,-75.932587,-88.383873,-90.182014,-87.251343,-78.889244,-77.163460,-73.858391,-74.858414,-80.674706,-83.420250,-85.791466,-87.921722,-72.914970,-73.806847,-76.486961,-75.444870,-78.297096,-80.997986,-84.406105,-68.120529,-67.105621,-70.688110,-75.720879,-83.295197,-71.206337,-71.289627,-75.509888,-79.819321,-79.198868,-80.729393,-78.309143,-75.750076,-76.501747,-80.461998,-82.332207,-74.359970,-76.311913
6.382483,9.158775,-14.139565,-10.524652,-8.659979,-0.676664,4.555050,-7.845553,-9.432506,-10.587269,-0.286674,-1.444691,-11.307857,-15.272631,-13.845463,-13.685247,-12.614197,-5.555661,5.532047,-12.306630,-12.551491,-14.134225,-9.434110,-10.070854,6.394085,9.810711,-14.768373,-17.379696,-18.260176,-14.955657,-7.911427,5.231506,0.677242,-1.083359,3.698882,-11.383648,-12.391978,-12.537812,-7.464269,11.158509,3.384371,-3.144293,-7.037344,-11.607921,-7.918247,-7.752587,6.519147,1.377003,-16.603010,-14.541271,-12.138594,4.417122,-5.589142,-6.392429,-8.950672,-11.005820,-10.443762,1.884710,2.939115,-7.862497,-8.505215,1.375297
85.553925,82.812286,-103.144867,100.297134,98.016029,90.634460,88.358376,-97.507538,95.244530,96.846603,-90.000412,91.020477,-101.282738,104.998672,103.586235,101.455299,97.996048,-93.670883,86.605553,-101.250397,-100.966110,-102.396385,98.787857,97.296585,85.705437,81.394669,-103.293900,-105.465935,-107.772751,-104.724220,96.988754,84.774734,-89.715660,90.151314,88.831688,-100.111732,-100.459068,102.536804,97.272156,80.157089,87.833435,92.764557,-96.382477,-100.983513,97.767242,94.794891,83.766647,-89.148407,-101.560844,-102.074463,-100.747002,87.225952,92.413254,96.194756,-98.901863,99.334351,97.709007,89.246223,89.184853,97.739578,97.866219,89.075027
56.462696,63.434147,-128.740723,-109.410957,-97.895683,58.197159,73.931732,-119.151558,-98.835182,-91.353180,52.125263,75.843712,-121.099503,-129.277878,-125.432724,-107.433510,-97.714417,53.273216,62.751392,-121.521385,-128.162491,-130.401321,-94.337387,85.995445,50.215843,61.077888,-124.199242,-132.793243,-130.089859,-107.448425,-90.456566,53.735485,66.793579,72.479156,72.641006,-116.033783,-123.382011,-113.107521,-95.111061,58.243427,64.879272,-95.105026,-106.930679,-120.283951,-101.122055,-92.332672,50.257713,66.277313,-114.389252,-105.346321,-96.676788,59.767250,83.884659,-103.772156,-112.435349,-110.350410,-101.362587,56.008270,70.273979,-115.626213,-109.465553,61.083981
92.552426,92.880150,93.152210,93.348336,93.383556,93.620457,93.948344,94.150669,94.282804,94.352531,94.618346,94.918674,95.086391,95.190807,95.218723,95.322412,95.351173,95.588163,95.854754,96.054374,96.083878,96.118735,96.286564,96.320764,96.561791,96.815881,97.063652,97.123201,97.157581,97.256002,97.320195,97.555970,97.786619,97.856742,97.892253,98.022063,98.058407,98.254736,98.324267,98.554372,98.763241,98.924385,98.994210,99.056608,99.256424,99.288163,99.524606,99.720315,100.025743,100.193395,100.222542,100.526127,100.724427,100.824325,100.858530,101.124253,101.158315,101.458432,101.670484,101.856195,102.156473,102.427585
