62,39
-1.000000,0.000000,-1.000000,1.000000,-1.000000,0.000000,7.000000,0.000000,-1.000000,1.000000,-1.000000,0.000000,7.000000,0.000000,7.000000,0.000000,-1.000000,1.000000,-1.000000,0.000000,7.000000,0.000000,7.000000,0.000000,7.000000,0.000000,-1.000000,1.000000,0.000000,-1.000000,1.000000,-1.000000,0.000000,7.000000,0.000000,-1.000000,1.000000,0.000000,7.000000
-767.127747,-805.686584,-739.257507,-711.875793,-729.302185,-748.305542,-911.927979,-935.770874,-752.597046,-713.997253,-728.954895,-746.821899,-884.631714,-997.770508,-987.467957,-881.586487,-729.582458,-709.616699,-746.053772,-758.825745,-899.620178,-989.652710,-992.228271,-993.956848,-992.733215,-993.883240,-771.158447,-744.555420,-781.923157,-779.469727,-740.883118,-757.323303,-775.629089,-933.940918,-901.155823,-766.662231,-734.724670,-766.186951,-914.922485
263.358551,272.081604,257.826202,255.448059,267.145264,272.806030,278.607361,268.211304,265.352997,259.752533,268.383667,263.970978,267.313507,246.748322,250.768005,265.472229,258.008514,252.346161,257.564240,261.454376,265.526642,247.265701,248.079697,244.052063,246.923843,248.899246,248.220474,247.448318,253.306549,274.031067,272.473816,272.125549,274.949463,262.392639,263.667389,267.485077,267.313110,276.970947,268.706543
2545.602539,2541.438721,2564.234375,2571.121094,2549.631836,2546.642578,2583.583740,2585.259277,2571.671875,2584.309814,2556.338379,2549.439209,2570.835693,2597.520996,2595.042969,2563.417236,2575.876465,2582.433105,2548.990723,2545.409180,2580.646729,2614.464600,2613.096436,2610.611328,2610.753174,2615.369385,2555.557129,2560.961182,2551.990967,2557.828857,2561.278564,2541.845703,2535.724609,2564.002441,2571.414062,2561.559814,2569.358398,2556.953613,2582.033691
-782.574280,-776.592712,-821.244812,-838.828552,-790.034485,-780.879639,-741.163574,-770.556885,-843.389771,-867.285217,-798.539001,-786.357422,-744.660645,-776.008667,-771.327576,-781.115784,-873.343079,-880.531616,-797.123962,-791.147034,-749.275696,-761.595825,-776.105347,-775.003601,-776.920349,-773.441956,-778.549194,-802.537964,-760.043884,-793.583618,-818.374451,-769.696472,-753.872131,-752.802979,-763.687561,-800.568237,-827.081116,-791.089050,-747.636719
252.608002,248.452759,245.248856,252.543274,248.820862,247.093231,238.463120,231.415695,251.453384,260.785339,256.361816,251.559799,240.722076,232.946182,234.597839,234.596436,241.730835,253.992905,249.399399,250.523544,237.703171,236.078369,236.051086,233.599411,235.707458,237.458832,242.026764,246.785965,243.057404,250.449738,259.127655,256.372742,257.403534,250.809891,238.941132,237.516388,245.446304,249.444168,234.757202
2803.630371,2799.792725,2800.226562,2788.848633,2792.076172,2798.670898,2779.717529,2787.175293,2795.230469,2769.929932,2803.628906,2804.694580,2791.356201,2739.094727,2744.994629,2802.572021,2776.791992,2769.580078,2803.158691,2803.997070,2793.192627,2745.519775,2763.127686,2756.809570,2761.736572,2759.312744,2813.205078,2809.879150,2808.081787,2810.502197,2798.840576,2795.912109,2791.243652,2755.165527,2793.800293,2812.574463,2802.559082,2811.525391,2782.300781
-737.508179,-753.158875,-760.778015,-751.564270,-727.723389,-730.786926,-798.502136,-834.774963,-778.510986,-766.993164,-728.445496,-732.081055,-791.319824,-867.317566,-860.801392,-821.721497,-781.347351,-768.682556,-742.822876,-745.003174,-806.783936,-855.564575,-870.113098,-870.780273,-873.380920,-872.563538,-763.719604,-757.794983,-743.093201,-778.046509,-766.724304,-734.503967,-736.086792,-827.212097,-816.785583,-771.494812,-765.057861,-748.418823,-806.545532
454.885590,456.990601,450.568604,453.213501,453.724915,455.554169,460.627930,452.355774,456.779572,458.951538,457.936737,455.375580,457.045105,445.514069,448.001312,453.876373,447.989990,452.063477,450.474365,454.464142,455.304413,447.698303,447.963989,443.794434,447.441895,448.611328,444.229004,446.831970,449.851257,460.434845,463.485901,462.329010,465.463745,463.989838,454.852264,450.485840,454.676910,459.526733,454.197205
2696.928955,2696.413330,2706.804932,2701.748779,2707.236084,2711.341553,2703.430664,2713.384521,2714.696777,2704.688477,2710.079102,2703.613281,2695.524414,2668.862061,2674.934814,2712.960449,2715.053467,2705.294189,2696.174072,2696.299072,2705.205078,2677.101562,2694.216553,2685.928223,2693.968018,2695.801514,2698.112549,2697.264893,2695.682617,2713.392822,2704.200928,2695.778564,2686.000244,2656.896729,2703.978760,2723.119385,2719.983154,2717.573730,2700.397949
-804.793335,-818.961792,-795.386230,-795.126038,-788.035034,-791.315369,-842.725586,-861.509827,-811.581848,-810.179016,-795.872925,-795.018677,-825.807007,-893.207764,-885.547485,-830.527100,-815.565063,-817.318970,-798.181824,-798.870361,-830.938843,-881.968262,-885.677612,-886.831360,-884.449890,-883.481323,-781.982910,-786.594910,-790.030762,-788.890930,-787.672729,-788.461914,-786.788757,-847.890930,-836.661499,-792.364990,-792.727661,-804.172119,-843.754944
56.365303,58.671532,48.838440,51.496750,57.103046,59.032417,56.918777,48.105415,55.816849,57.871441,61.722202,56.244171,50.967163,36.112877,39.096848,47.668285,48.043892,51.491737,51.529594,53.657806,48.829704,37.754261,38.475075,35.058819,37.821358,39.734974,41.358173,43.608337,45.103271,59.280411,62.574379,62.148315,63.646515,52.705307,48.233414,50.229172,54.046505,62.160984,49.424179
2664.423828,2655.311035,2666.169434,2665.753418,2648.565430,2648.704590,2654.471436,2656.288574,2665.336914,2662.111328,2661.189453,2662.865234,2663.695312,2658.342529,2656.929199,2656.522217,2649.892334,2657.465820,2664.243896,2663.165039,2664.965332,2673.624512,2673.965820,2672.663086,2670.588867,2670.894043,2679.278320,2681.839355,2673.536133,2665.091797,2666.018555,2655.133057,2651.453369,2651.511719,2662.649414,2661.736084,2662.303223,2660.002686,2658.292725
-840.264221,-836.473633,-840.677612,-859.966492,-838.007324,-829.456482,-797.940674,-810.876099,-859.250305,-884.885315,-852.770874,-837.494812,-787.072205,-820.312134,-814.486389,-793.798889,-879.368530,-899.548462,-842.857666,-834.237488,-783.839905,-806.956848,-810.011414,-810.990906,-806.970459,-804.513184,-791.749084,-820.509094,-801.260681,-796.355408,-823.836487,-817.848938,-801.119995,-787.705139,-791.699097,-813.514099,-837.979431,-838.554138,-796.558289
-149.100464,-151.297714,-158.486816,-152.033325,-150.295914,-150.898010,-159.029587,-166.738312,-151.986877,-144.154343,-143.208130,-149.686798,-161.562531,-172.551651,-170.265625,-165.731506,-159.409454,-149.608109,-153.313629,-152.556854,-163.873093,-170.154404,-169.410629,-172.440918,-169.680176,-167.797958,-164.617218,-160.138824,-161.637390,-152.200989,-145.494995,-145.598938,-145.098755,-155.328171,-163.687378,-163.001877,-156.201050,-148.666077,-164.993500
2746.583496,2731.562012,2736.910400,2728.812500,2712.526855,2713.097168,2697.313965,2698.441650,2731.137695,2713.907715,2730.430908,2739.356934,2724.903809,2698.947754,2697.406006,2715.513916,2692.911377,2704.606689,2742.408691,2743.498291,2718.772217,2714.008545,2713.395508,2713.825439,2708.874023,2705.893311,2766.105713,2767.835693,2758.535645,2737.324707,2738.183350,2732.454102,2729.934814,2711.725342,2722.287598,2728.200439,2723.051025,2726.217285,2705.854736
-829.207092,-857.094238,-780.364990,-769.833313,-794.796143,-806.619812,-919.870117,-928.835449,-791.090271,-774.548279,-803.226929,-809.400574,-886.863464,-978.739746,-968.908020,-865.607239,-779.966187,-779.579102,-806.691895,-811.271179,-891.019592,-969.667664,-964.365417,-967.374084,-961.175537,-962.086914,-786.474915,-778.777161,-816.895325,-786.154968,-767.596863,-808.978943,-816.533813,-917.114685,-890.103516,-788.715393,-771.125427,-820.858337,-915.902283
-141.404877,-134.550507,-149.234497,-149.971008,-137.258026,-132.871582,-130.365753,-140.467010,-141.552124,-144.897751,-134.648560,-140.867310,-142.604401,-162.691345,-158.712830,-143.664001,-148.154358,-150.764008,-147.531631,-144.789825,-144.037903,-162.172623,-160.819855,-164.975296,-161.665710,-159.620224,-160.197311,-159.662109,-154.313477,-135.158173,-135.808960,-134.306122,-132.668182,-147.053146,-145.987488,-141.082901,-140.372345,-129.105103,-140.773529
2561.878906,2548.450684,2563.306396,2574.231445,2540.026855,2536.408203,2557.270508,2554.278076,2563.307617,2580.297852,2554.359619,2557.970215,2567.685547,2597.806641,2590.273193,2544.585693,2553.989502,2573.243408,2562.417480,2559.755615,2567.249756,2620.505127,2606.243652,2609.406006,2600.991699,2603.000732,2582.245361,2588.681396,2575.536133,2554.711426,2565.771729,2550.320312,2548.910400,2575.153564,2563.095703,2544.609619,2554.244385,2545.314453,2562.981689
0.000000,0.000000,0.000000,0.000000,0.000000,0.000000,0.000000,0.000000,0.000000,0.000000,0.000000,0.000000,0.000000,0.000000,0.000000,0.000000,0.000000,0.000000,0.000000,0.000000,0.000000,0.000000,0.000000,0.000000,0.000000,0.000000,0.000000,0.000000,0.000000,0.000000,0.000000,0.000000,0.000000,0.000000,0.000000,0.000000,0.000000,0.000000,0.000000
0.000000,0.000000,0.000000,0.000000,0.000000,0.000000,0.000000,0.000000,0.000000,0.000000,0.000000,0.000000,0.000000,0.000000,0.000000,0.000000,0.000000,0.000000,0.000000,0.000000,0.000000,0.000000,0.000000,0.000000,0.000000,0.000000,0.000000,0.000000,0.000000,0.000000,0.000000,0.000000,0.000000,0.000000,0.000000,0.000000,0.000000,0.000000,0.000000
0.000000,0.000000,0.000000,0.000000,0.000000,0.000000,0.000000,0.000000,0.000000,0.000000,0.000000,0.000000,0.000000,0.000000,0.000000,0.000000,0.000000,0.000000,0.000000,0.000000,0.000000,0.000000,0.000000,0.000000,0.000000,0.000000,0.000000,0.000000,0.000000,0.000000,0.000000,0.000000,0.000000,0.000000,0.000000,0.000000,0.000000,0.000000,0.000000
-569.917786,-637.731628,-560.394226,-500.825623,-552.316650,-604.364990,-1001.062500,-967.397461,-586.560669,-518.278503,-540.340637,-591.214600,-946.984924,-1083.225464,-1075.590332,-897.829102,-608.557007,-540.476746,-556.752014,-601.279602,-948.142883,-1052.198486,-1051.666626,-1049.143921,-1048.294922,-1050.287842,-593.815125,-536.231445,-623.702515,-604.091125,-540.103882,-553.078125,-599.142822,-1001.025024,-931.032776,-586.837280,-524.026855,-593.146667,-973.631531
199.622833,177.676300,223.005112,263.907104,168.849152,145.918457,32.050842,20.276276,199.577866,248.093475,170.443085,145.882065,34.930557,-20.100891,-13.548645,20.666428,179.697540,234.275391,173.544662,143.832153,23.036102,-26.901382,-25.936539,-25.935974,-24.148697,-25.694077,205.848633,245.350281,127.993439,179.936249,229.050003,159.692627,137.959412,6.214569,26.641663,195.350525,236.504822,147.016891,46.723419
2461.898438,2432.155273,2471.412598,2530.387451,2447.101807,2429.951660,2511.799072,2507.636230,2489.287109,2536.116455,2497.702148,2482.124512,2491.675537,2533.999268,2528.896729,2480.092041,2493.168945,2541.631104,2500.454590,2482.127686,2504.570068,2567.276367,2559.760254,2554.013428,2551.154541,2555.442139,2482.217041,2533.904785,2461.816650,2495.030029,2536.000977,2468.083984,2447.284668,2508.752686,2470.441406,2484.111084,2536.485352,2481.265869,2509.156494
-745.904846,-726.833923,-736.396423,-741.592957,-752.998291,-751.053589,-737.084717,-770.465027,-843.374939,-867.273499,-798.537659,-786.356506,-744.661072,-776.009338,-771.328247,-781.116455,-873.343750,-880.532288,-797.124634,-791.147705,-749.276367,-761.596497,-776.106018,-775.004272,-776.921021,-773.442627,-778.549866,-802.538635,-760.044556,-793.584290,-818.375122,-769.697144,-753.872803,-752.803650,-763.688232,-800.568909,-827.081787,-791.089722,-747.637390
-12.638092,-27.979492,-36.204575,-20.632233,-15.084625,-17.898956,-28.432144,-35.514542,-15.476913,-6.144958,-10.568481,-15.370499,-26.208221,-33.984116,-32.332458,-32.333862,-25.199463,-12.937393,-17.530899,-16.406754,-29.227127,-30.851929,-30.879211,-33.330887,-31.222839,-29.471466,-24.903534,-20.144333,-23.872894,-16.480560,-7.802643,-10.557556,-9.526764,-16.120407,-27.989166,-29.413910,-21.483994,-17.486130,-32.173096
2857.155273,2847.095215,2838.653809,2850.099854,2807.372070,2810.557617,2781.143799,2787.206787,2795.235840,2769.934082,2803.629639,2804.695068,2791.356201,2739.094727,2744.994629,2802.572021,2776.791992,2769.580078,2803.158691,2803.997070,2793.192627,2745.519775,2763.127686,2756.809570,2761.736572,2759.312744,2813.205078,2809.879150,2808.081787,2810.502197,2798.840576,2795.912109,2791.243652,2755.165527,2793.800293,2812.574463,2802.559082,2811.525391,2782.300781
-366.108765,-435.857361,-330.191711,-251.992966,-332.166504,-378.699341,-752.537842,-735.050049,-362.242371,-273.209381,-360.240784,-416.278870,-716.002075,-845.070984,-837.378906,-689.472839,-399.981140,-307.897217,-370.693420,-424.376404,-719.700256,-820.488953,-818.390442,-817.217529,-816.438232,-817.412720,-378.605286,-294.547119,-411.909119,-367.002625,-290.054810,-332.049561,-379.155731,-746.065247,-699.043518,-366.421326,-283.309082,-381.576660,-721.880737
271.181641,268.071625,275.550476,285.733978,242.760941,226.157867,112.581924,140.786072,275.772858,277.277283,303.803223,290.337921,154.904419,96.816139,100.289024,158.960052,247.384033,262.717590,279.396942,266.423767,142.672485,102.474564,102.950989,105.729721,107.786087,103.898773,235.277863,254.466248,199.806366,228.274750,232.136841,227.602829,214.188004,76.755806,131.414612,244.261185,254.445251,201.756851,124.955902
2606.197510,2579.180664,2579.324219,2582.375488,2575.830811,2544.816162,2486.063721,2533.457520,2591.586914,2598.666992,2632.780762,2613.944580,2537.182129,2507.596191,2505.450195,2551.435059,2598.037354,2611.340820,2652.125732,2630.462891,2549.442139,2540.334229,2546.941162,2545.951904,2545.938965,2543.443604,2600.353760,2607.833008,2598.425781,2573.653320,2566.693359,2591.486572,2570.985840,2502.541260,2538.184326,2616.308350,2634.412109,2624.738770,2523.735840
-657.640564,-645.742310,-649.823303,-654.559204,-701.107605,-704.531189,-719.536621,-767.590759,-842.140320,-866.162598,-798.060364,-785.927002,-744.455322,-775.971558,-771.296692,-781.097351,-873.329529,-880.518982,-797.115784,-791.139221,-749.269836,-761.591064,-776.100769,-774.999023,-776.915771,-773.437378,-778.544617,-802.533386,-760.039307,-793.579041,-818.369873,-769.691895,-753.867554,-752.798401,-763.682983,-800.563660,-827.076538,-791.084473,-747.632141
-253.096069,-269.902191,-272.797058,-256.980347,-273.479553,-277.906158,-294.318115,-302.415649,-282.401733,-273.070801,-277.497925,-282.300049,-293.138153,-300.914062,-299.262421,-299.263824,-292.129425,-279.867371,-284.460876,-283.336731,-296.157104,-297.781891,-297.809174,-300.260864,-298.152802,-296.401428,-291.833496,-287.074280,-290.802856,-283.410522,-274.732605,-277.487518,-276.456726,-283.050354,-294.919128,-296.343872,-288.413940,-284.416077,-299.103058
2764.676758,2750.414062,2734.055176,2744.936279,2765.050049,2772.039551,2765.381592,2784.513184,2794.073242,2768.887695,2803.178711,2804.289307,2791.162109,2739.062256,2744.968506,2802.558105,2776.782959,2769.571777,2803.154785,2803.993408,2793.190918,2745.519043,2763.127197,2756.809082,2761.736328,2759.312500,2813.205078,2809.879150,2808.081787,2810.502197,2798.840576,2795.912109,2791.243652,2755.165527,2793.800293,2812.574463,2802.559082,2811.525391,2782.300781
0.000000,0.000000,0.000000,0.000000,0.000000,0.000000,0.000000,0.000000,0.000000,0.000000,0.000000,0.000000,0.000000,0.000000,0.000000,0.000000,0.000000,0.000000,0.000000,0.000000,0.000000,0.000000,0.000000,0.000000,0.000000,0.000000,0.000000,0.000000,0.000000,0.000000,0.000000,0.000000,0.000000,0.000000,0.000000,0.000000,0.000000,0.000000,0.000000
0.000000,0.000000,0.000000,0.000000,0.000000,0.000000,0.000000,0.000000,0.000000,0.000000,0.000000,0.000000,0.000000,0.000000,0.000000,0.000000,0.000000,0.000000,0.000000,0.000000,0.000000,0.000000,0.000000,0.000000,0.000000,0.000000,0.000000,0.000000,0.000000,0.000000,0.000000,0.000000,0.000000,0.000000,0.000000,0.000000,0.000000,0.000000,0.000000
0.000000,0.000000,0.000000,0.000000,0.000000,0.000000,0.000000,0.000000,0.000000,0.000000,0.000000,0.000000,0.000000,0.000000,0.000000,0.000000,0.000000,0.000000,0.000000,0.000000,0.000000,0.000000,0.000000,0.000000,0.000000,0.000000,0.000000,0.000000,0.000000,0.000000,0.000000,0.000000,0.000000,0.000000,0.000000,0.000000,0.000000,0.000000,0.000000
0.000000,0.000000,0.000000,0.000000,0.000000,0.000000,0.000000,0.000000,0.000000,0.000000,0.000000,0.000000,0.000000,0.000000,0.000000,0.000000,0.000000,0.000000,0.000000,0.000000,0.000000,0.000000,0.000000,0.000000,0.000000,0.000000,0.000000,0.000000,0.000000,0.000000,0.000000,0.000000,0.000000,0.000000,0.000000,0.000000,0.000000,0.000000,0.000000
0.000000,0.000000,0.000000,0.000000,0.000000,0.000000,0.000000,0.000000,0.000000,0.000000,0.000000,0.000000,0.000000,0.000000,0.000000,0.000000,0.000000,0.000000,0.000000,0.000000,0.000000,0.000000,0.000000,0.000000,0.000000,0.000000,0.000000,0.000000,0.000000,0.000000,0.000000,0.000000,0.000000,0.000000,0.000000,0.000000,0.000000,0.000000,0.000000
0.000000,0.000000,0.000000,0.000000,0.000000,0.000000,0.000000,0.000000,0.000000,0.000000,0.000000,0.000000,0.000000,0.000000,0.000000,0.000000,0.000000,0.000000,0.000000,0.000000,0.000000,0.000000,0.000000,0.000000,0.000000,0.000000,0.000000,0.000000,0.000000,0.000000,0.000000,0.000000,0.000000,0.000000,0.000000,0.000000,0.000000,0.000000,0.000000
-948.952820,-950.586060,-898.722717,-910.701660,-931.804077,-930.409668,-964.276550,-943.584106,-910.610229,-918.494812,-933.658081,-930.588623,-960.369507,-980.616150,-964.352417,-912.619934,-908.155579,-925.919189,-922.672485,-929.631836,-961.371155,-982.542419,-976.128845,-978.711853,-966.742188,-966.831543,-892.391541,-906.419861,-924.412048,-918.862427,-921.805725,-950.729797,-940.669006,-989.596863,-941.119202,-901.966614,-906.035461,-928.765076,-958.407471
-530.753906,-529.448364,-537.727905,-531.279541,-519.988403,-518.807861,-534.684326,-547.771667,-529.131226,-524.627075,-519.923828,-528.434814,-542.982910,-570.582153,-566.648193,-548.070435,-533.163147,-530.006592,-538.223450,-534.715942,-544.769043,-568.136230,-567.747070,-572.261536,-569.267700,-567.496033,-553.307251,-545.814758,-547.741943,-514.695496,-509.330750,-513.592163,-517.246094,-546.706787,-550.710327,-530.404541,-522.918091,-520.436035,-545.678894
2583.188477,2585.049316,2591.343994,2587.286377,2567.079102,2577.353027,2590.526855,2575.594727,2603.418457,2602.642578,2581.603760,2594.735840,2596.257812,2582.697754,2577.386475,2569.426270,2583.026123,2593.307617,2579.587402,2580.997803,2596.158691,2582.123291,2577.878906,2585.591797,2579.208252,2588.127197,2584.633789,2577.991943,2580.708984,2617.531982,2610.690674,2597.662354,2601.391357,2614.927979,2576.808105,2588.046631,2591.358398,2581.088379,2591.164307
-679.003479,-690.258057,-736.047913,-725.658325,-675.581482,-685.558960,-714.203491,-705.138733,-734.587585,-728.494324,-682.315979,-677.266418,-710.787170,-720.962341,-714.200073,-698.268494,-712.066040,-718.145996,-674.435913,-680.380066,-703.375122,-720.593323,-718.252136,-717.010803,-722.699707,-722.074524,-684.502380,-700.213440,-646.246033,-719.641663,-732.042297,-676.089172,-677.207520,-729.257751,-710.754272,-732.102722,-734.980652,-675.155640,-704.218933
-504.981018,-516.068787,-547.480225,-530.139771,-518.131531,-524.890991,-555.732849,-557.990723,-542.813721,-518.632202,-505.482635,-515.405762,-556.949585,-564.821167,-563.196655,-558.493408,-528.724487,-511.709900,-509.009949,-513.695435,-557.831665,-564.026245,-562.525818,-564.999390,-565.377930,-564.735901,-544.495056,-530.703247,-517.453369,-548.414368,-536.075867,-517.936279,-523.496826,-556.152649,-557.810547,-559.106628,-545.879150,-511.955414,-557.570923
2629.814209,2622.236328,2671.511230,2661.030029,2649.033203,2641.246826,2650.311768,2650.426514,2669.207764,2655.466553,2654.207275,2656.852539,2659.219727,2645.128906,2650.740723,2658.544922,2654.711670,2660.517822,2637.312012,2634.203125,2650.115234,2650.544678,2652.660645,2652.860107,2654.837158,2658.739258,2666.242188,2648.983887,2634.012939,2678.254639,2666.643555,2646.703125,2643.451416,2661.275146,2653.490234,2673.769531,2663.195557,2639.761230,2643.009033
-1021.292725,-1015.478516,-984.911133,-993.165283,-1024.605225,-1018.102356,-1018.016357,-1001.602417,-981.443298,-991.394348,-1020.981018,-1015.343262,-1022.104553,-1012.520264,-1006.837524,-980.691040,-996.483215,-1010.429871,-1007.568542,-1012.854126,-1022.104919,-1017.808350,-1008.168396,-1013.858582,-1008.885864,-1011.561707,-985.542175,-998.551208,-1011.988831,-986.813660,-992.240295,-1027.004150,-1016.876770,-1017.323425,-996.140381,-985.657776,-991.018799,-1020.223572,-1017.411438
-903.347717,-897.125122,-915.356079,-905.293579,-901.543396,-896.872803,-906.930237,-902.854736,-907.087952,-902.503357,-900.394165,-906.498718,-896.941528,-899.156738,-897.480103,-890.268311,-899.935547,-905.545776,-901.295166,-896.762085,-911.327759,-901.536194,-895.647461,-899.820251,-906.941833,-899.351379,-902.374390,-899.760986,-896.791443,-908.439453,-899.494873,-897.000854,-899.138245,-896.137939,-898.966064,-906.470276,-900.842896,-899.556641,-908.123596
2606.033691,2601.724365,2622.676270,2616.010010,2601.677734,2604.579834,2612.745117,2601.092285,2626.512451,2624.150635,2602.854492,2614.534180,2614.551025,2602.364014,2602.201904,2599.824951,2617.829834,2628.971191,2607.401855,2605.546143,2613.770020,2608.469238,2596.895752,2606.089600,2602.783203,2608.213135,2619.386719,2611.864990,2604.879639,2624.267822,2622.037598,2603.122070,2609.416748,2611.241699,2603.070557,2616.614990,2615.674072,2607.683594,2607.975830
-623.416809,-635.348633,-661.668762,-654.644836,-617.858826,-627.895935,-643.190918,-630.985657,-661.425598,-650.825623,-622.301941,-621.108643,-640.877136,-641.184631,-637.940430,-628.210571,-640.429016,-652.109497,-617.472473,-625.338867,-637.602234,-643.893616,-642.437866,-641.093933,-637.980408,-638.393494,-640.429321,-661.346985,-610.266663,-650.091675,-663.452637,-617.157898,-616.082031,-648.352722,-637.842651,-653.148193,-658.329041,-622.899292,-638.178467
-927.571167,-918.918152,-921.307434,-913.791565,-923.882507,-921.160217,-923.458374,-918.823853,-914.609009,-919.562439,-926.797729,-926.427612,-916.963867,-919.593079,-917.307068,-915.872070,-918.682312,-909.235107,-922.742310,-918.360107,-920.435547,-918.668213,-919.117798,-917.675964,-919.906982,-919.291748,-914.495117,-913.492493,-917.268433,-914.651978,-911.662231,-921.922974,-921.726501,-912.936829,-917.228027,-924.183472,-916.256592,-919.203613,-920.498901
2625.511475,2614.088867,2631.115479,2623.946777,2629.420654,2623.134766,2624.514648,2617.041748,2629.833740,2615.177490,2629.054932,2636.397705,2622.730469,2617.611328,2622.895264,2627.859131,2622.760254,2634.729248,2624.631592,2621.853271,2620.974854,2622.150635,2619.071289,2620.768799,2621.014648,2622.616943,2640.462158,2627.630859,2618.727295,2639.410889,2626.970703,2621.334229,2620.641357,2629.909668,2626.902588,2633.546875,2622.551758,2623.745361,2619.572266
0.000000,0.000000,0.000000,0.000000,0.000000,0.000000,0.000000,0.000000,0.000000,0.000000,0.000000,0.000000,0.000000,0.000000,0.000000,0.000000,0.000000,0.000000,0.000000,0.000000,0.000000,0.000000,0.000000,0.000000,0.000000,0.000000,0.000000,0.000000,0.000000,0.000000,0.000000,0.000000,0.000000,0.000000,0.000000,0.000000,0.000000,0.000000,0.000000
0.000000,0.000000,0.000000,0.000000,0.000000,0.000000,0.000000,0.000000,0.000000,0.000000,0.000000,0.000000,0.000000,0.000000,0.000000,0.000000,0.000000,0.000000,0.000000,0.000000,0.000000,0.000000,0.000000,0.000000,0.000000,0.000000,0.000000,0.000000,0.000000,0.000000,0.000000,0.000000,0.000000,0.000000,0.000000,0.000000,0.000000,0.000000,0.000000
0.000000,0.000000,0.000000,0.000000,0.000000,0.000000,0.000000,0.000000,0.000000,0.000000,0.000000,0.000000,0.000000,0.000000,0.000000,0.000000,0.000000,0.000000,0.000000,0.000000,0.000000,0.000000,0.000000,0.000000,0.000000,0.000000,0.000000,0.000000,0.000000,0.000000,0.000000,0.000000,0.000000,0.000000,0.000000,0.000000,0.000000,0.000000,0.000000
0.000000,0.000000,0.000000,0.000000,0.000000,0.000000,0.000000,0.000000,0.000000,0.000000,0.000000,0.000000,0.000000,0.000000,0.000000,0.000000,0.000000,0.000000,0.000000,0.000000,0.000000,0.000000,0.000000,0.000000,0.000000,0.000000,0.000000,0.000000,0.000000,0.000000,0.000000,0.000000,0.000000,0.000000,0.000000,0.000000,0.000000,0.000000,0.000000
0.000000,0.000000,0.000000,0.000000,0.000000,0.000000,0.000000,0.000000,0.000000,0.000000,0.000000,0.000000,0.000000,0.000000,0.000000,0.000000,0.000000,0.000000,0.000000,0.000000,0.000000,0.000000,0.000000,0.000000,0.000000,0.000000,0.000000,0.000000,0.000000,0.000000,0.000000,0.000000,0.000000,0.000000,0.000000,0.000000,0.000000,0.000000,0.000000
0.000000,0.000000,0.000000,0.000000,0.000000,0.000000,0.000000,0.000000,0.000000,0.000000,0.000000,0.000000,0.000000,0.000000,0.000000,0.000000,0.000000,0.000000,0.000000,0.000000,0.000000,0.000000,0.000000,0.000000,0.000000,0.000000,0.000000,0.000000,0.000000,0.000000,0.000000,0.000000,0.000000,0.000000,0.000000,0.000000,0.000000,0.000000,0.000000
-774.851013,-791.139648,-780.251160,-775.352173,-759.668335,-764.592590,-826.545776,-853.163879,-797.993408,-790.641235,-763.746948,-766.589661,-814.646179,-886.889587,-879.397766,-831.351135,-801.462769,-795.074158,-771.588867,-774.986389,-824.447937,-875.624268,-884.166809,-884.480225,-884.826782,-883.662598,-774.853821,-773.546692,-770.983521,-786.526672,-779.628784,-763.509888,-764.750610,-843.371948,-832.421692,-783.615234,-780.902893,-778.638000,-831.279602
257.983276,260.267181,251.537537,253.995667,257.983063,259.949615,258.535217,249.813507,258.403198,260.268921,262.372742,257.765381,254.017792,239.847260,242.682922,250.034332,249.869690,253.169525,253.481812,255.988953,251.614899,241.672028,242.065399,238.825745,241.315643,243.179031,245.123611,247.117142,248.181976,262.240417,265.800720,264.249146,266.176514,256.601257,251.304260,252.500732,256.379700,263.207550,251.731873
2674.616455,2670.615723,2682.230469,2679.984863,2670.854004,2672.656738,2681.650635,2686.217285,2683.451172,2677.119873,2679.983643,2677.066895,2681.095947,2668.307861,2670.018799,2682.994629,2676.334229,2676.006592,2676.074707,2674.703125,2686.919678,2679.992188,2688.112061,2683.710449,2686.244873,2687.341064,2684.381104,2685.420166,2680.036377,2684.165527,2680.059570,2668.878906,2663.484131,2659.583984,2682.607178,2687.067139,2685.958740,2684.239502,2682.167236
57.022320,57.089767,58.286480,58.318031,58.555241,58.594986,58.885105,59.456200,59.729130,59.756695,60.022720,60.060570,60.292313,60.857498,60.920937,61.123520,61.256989,61.293118,61.523991,61.554882,61.795975,62.094528,62.192917,62.226200,62.360645,62.394253,62.892059,62.922459,63.192131,64.524933,64.561104,64.803223,64.828873,65.226349,65.892189,66.099648,66.129669,66.392929,66.693581
