19,44
4.000000,-1.000000,6.000000,-1.000000,4.000000,7.000000,-1.000000,4.000000,-1.000000,4.000000,6.000000,-1.000000,8.000000,0.000000,7.000000,-1.000000,4.000000,-1.000000,6.000000,-1.000000,7.000000,-1.000000,4.000000,-1.000000,6.000000,-1.000000,4.000000,-1.000000,7.000000,-1.000000,7.000000,-1.000000,4.000000,-1.000000,6.000000,-1.000000,4.000000,-1.000000,0.000000,-1.000000,0.000000,-1.000000,0.000000,7.000000
13.710687,13.402225,13.198602,18.503473,24.872604,22.974855,17.816042,11.253422,7.860949,8.476535,26.135265,38.376282,13.083132,9.703020,8.941493,10.344290,11.152048,7.842850,3.701528,7.089556,11.251934,25.506714,16.176722,16.935596,16.143272,39.767117,21.502417,22.214075,22.403534,28.870205,25.732000,20.945724,21.902473,12.737689,17.883257,22.536448,7.637048,19.828602,33.609451,34.998398,33.177582,42.164936,37.831631,25.951220
45.464359,36.844158,33.341339,25.221727,25.159382,26.407738,27.403379,32.960403,31.081097,30.471537,35.829430,41.602261,37.333858,32.280983,29.533926,34.146492,41.895866,42.247440,45.145668,42.888561,28.127771,29.500851,29.495926,32.438316,38.742844,33.881573,34.443829,35.921749,30.377554,35.572014,30.136263,33.466824,37.343033,47.198757,45.414295,37.049164,31.488483,32.280067,20.857254,20.096165,20.938444,18.809706,18.413517,19.481443
-94.468529,-87.467728,-84.780441,-71.572502,-67.853249,-69.701401,-73.174873,-86.388451,-85.714485,-83.867302,68.893089,61.124401,-97.193909,-95.038643,-94.087662,-79.935913,-90.997345,-84.918304,-86.482323,83.449310,-80.918335,-65.987144,75.938568,79.633133,78.529282,50.380280,68.570122,-67.786476,-68.130501,-64.588890,-66.251144,-71.291725,-70.573105,77.887085,72.735870,-67.502838,-84.566666,-73.702667,-63.074104,-60.512306,-63.464600,-59.781136,-63.718204,-71.100578
50.735203,58.222698,59.077320,-67.483391,-65.985245,-65.735344,-66.043602,57.053299,-58.939117,-59.917938,-58.393623,-61.945446,-59.051922,-61.982254,-64.411377,-59.426239,-59.867817,-61.112789,-57.576748,-59.567432,-69.599609,-62.157715,-62.954330,-63.102097,-61.495308,-70.000122,-67.277153,-64.645798,-65.210258,-63.699108,-67.332687,-58.495354,53.601566,-42.811230,-44.770882,-54.329136,-64.456795,-66.922729,-69.564018,-70.737160,-70.278519,-71.967842,-72.208961,-73.209328
39.485367,103.750076,103.673851,97.451195,35.317181,31.385389,13.236003,81.558830,108.300102,82.459724,46.834312,28.452509,39.841228,29.789734,27.555370,8.979908,111.331085,122.572159,126.526276,132.981720,42.545902,40.740528,98.773209,108.565170,113.880516,94.562798,48.033741,49.455425,36.259876,2.870922,9.125675,7.393668,55.129993,124.116638,122.668533,117.843811,78.727936,63.931335,35.459492,34.734043,31.936031,29.775049,30.087551,29.049782
41.246368,52.053589,53.362720,52.643494,12.871840,13.076341,29.344139,42.561409,38.745712,38.111526,37.799622,39.317272,21.612352,14.534238,14.270385,35.035812,34.780434,33.053894,32.124321,33.202400,12.981497,31.365763,32.210587,33.507401,36.796848,49.520084,31.823408,25.210745,17.819366,29.667074,25.322973,32.183117,31.541311,38.447449,39.544044,41.714333,41.062016,40.348991,12.589276,12.700991,11.372465,12.266573,14.380445,13.592063
63.935448,56.770241,60.195599,60.084164,79.241737,80.470551,101.009010,37.734825,43.143345,33.976662,46.643562,-61.701813,78.194839,80.396393,81.898941,87.178070,34.523903,43.829025,56.570229,64.847855,74.407219,67.744263,40.410912,40.716896,48.266296,51.248787,57.685143,57.008965,69.105980,92.527687,95.207199,97.128349,59.771553,57.402119,58.239075,55.899921,42.624966,53.685467,86.808914,86.647629,85.799187,88.480309,92.254654,94.126373
107.617569,126.125710,127.076599,113.143501,102.502350,102.673843,104.984993,119.712044,117.870544,115.660851,110.693764,105.756111,108.106743,103.007141,103.311417,103.400703,120.212967,118.601891,112.200043,101.691948,-102.633553,111.203903,118.295830,121.004997,124.679802,125.022102,113.734436,110.162048,105.679626,104.298111,107.655731,101.729126,109.791771,124.375282,121.984718,118.691887,114.938721,113.207245,-101.500641,-101.114319,-100.304596,-101.737091,-103.769722,-103.188934
75.071014,95.649483,101.636879,128.215607,91.647789,89.940269,92.494034,92.173355,101.401627,104.246880,122.327225,128.011841,40.824566,22.533154,20.088820,85.867363,61.743107,75.609276,84.928101,108.250893,86.611954,107.304260,98.937141,98.156677,100.305145,104.309181,79.125252,82.508263,81.775650,87.120255,82.425034,89.941643,72.130875,55.436619,70.770935,92.981682,83.272247,103.272774,79.851440,82.695816,78.851845,85.650528,81.422104,78.350212
43.402840,42.625027,40.094093,44.894794,33.672279,33.869274,37.585361,45.880939,42.087006,42.433830,52.988422,54.115986,83.596626,84.690849,84.832481,46.352097,59.723549,54.135231,49.841759,43.500706,19.976143,42.859482,18.224415,14.726665,20.625328,30.398132,33.277157,31.810711,30.734253,39.043320,38.796860,36.885769,27.518311,42.020123,27.780621,12.268871,19.130764,26.455797,38.388306,41.147533,41.991879,49.633190,44.924412,33.356888
128.599945,129.933075,130.156311,125.015083,134.689117,136.878006,141.864288,152.912216,151.428314,149.479294,147.401306,141.083160,149.548279,149.574921,149.777374,148.754028,151.727997,152.147934,149.333328,139.046906,138.756927,139.673782,143.523178,145.895828,149.008209,143.153580,142.858337,142.947998,142.142349,150.996964,144.440857,143.803452,140.464920,144.994873,144.274628,140.521774,138.401627,144.512726,140.325653,140.979797,141.601547,140.416946,140.455795,141.007172
-43.328068,-40.531353,40.156647,42.146481,46.565052,49.456684,52.255981,63.010399,61.526653,59.791187,59.090889,53.556095,-59.621460,-59.577488,59.790848,58.871864,62.702694,63.926765,62.432476,56.964233,52.968102,50.894299,55.558365,58.594082,62.894348,67.445000,57.837372,56.231422,54.729450,67.639763,60.604134,57.174080,52.091625,62.786427,63.298561,63.601261,63.700447,66.256264,55.028683,57.158928,57.574738,56.728786,58.137459,58.863785
80.776772,34.728985,21.124290,74.763107,-25.747225,-23.236574,-7.710143,96.056366,95.555519,80.261993,52.452145,33.880692,33.210503,19.951027,18.264503,13.146841,95.636566,80.398170,35.359879,60.454441,22.615976,65.193443,102.422974,96.890373,57.332123,87.212250,69.216988,62.033470,27.199272,-9.332373,-10.780452,-1.478564,79.078621,45.385098,36.845413,57.352314,65.187653,74.873222,-24.490047,-23.153769,-19.446041,-15.796954,-15.293931,15.286018
13.109236,60.025757,85.303108,30.962767,90.332642,91.056763,-97.706772,-6.278353,-6.425563,-10.255916,-38.138302,-58.005322,64.353638,88.205482,89.096855,83.176964,-21.623430,-14.926251,61.702179,57.494442,80.492615,35.075386,-13.988688,-11.900540,33.683163,8.027468,22.581217,30.303598,70.654961,92.666298,93.651764,-91.475670,17.722109,47.800137,61.076698,35.997314,-25.601700,-15.255301,102.506073,100.514832,96.318542,94.167892,93.761284,87.948662
22.543699,-17.816431,-18.791914,-14.908766,-9.968670,-9.547422,24.633135,-16.393803,-12.033996,-10.842263,-11.203314,-11.854114,-3.700999,-1.295129,-2.324311,26.750034,-12.554838,-9.942060,-7.203559,-6.367998,-14.990210,-16.518145,-11.371945,-13.195806,-16.876055,-20.132332,-12.418145,-11.967261,-11.837227,-5.935047,-7.438119,21.484774,-9.616195,-24.099266,-21.827106,-21.577286,-17.748310,-14.231513,-11.556791,-11.625153,-10.292736,-7.963682,-8.431539,-9.927908
85.437332,-106.276474,-107.338043,-104.908760,-97.352043,-96.425728,78.628693,98.264069,101.898354,100.840584,-101.055916,-101.805611,-93.700851,-90.417320,-91.229790,82.914375,-102.549507,-99.761856,-97.183647,93.999420,-102.908646,91.730637,-100.493164,-100.144409,-100.675285,-108.862518,-102.366066,-100.956230,-100.189133,95.870270,-97.278610,80.295967,92.385735,-107.028618,-107.579094,-109.873474,-107.371117,104.133308,-98.596199,-97.657211,-95.768265,-94.165459,-94.330612,-90.963608
29.730000,35.553326,35.953175,27.224365,37.605663,37.674881,36.079643,38.583504,35.763268,34.081596,30.416775,27.130335,31.325958,38.427124,38.937000,40.214840,47.025608,47.130527,46.068562,41.231876,38.506107,38.575565,40.650215,43.727699,46.437614,37.071697,45.153912,46.502914,48.840034,36.480438,39.206192,35.453384,36.491955,44.656628,43.628994,39.535496,35.834324,34.799026,42.277077,41.991734,40.474281,38.262917,36.105103,33.369007
141.236470,141.473656,141.512907,141.675261,142.309916,142.343006,143.041903,143.376408,143.445878,143.480294,143.543766,143.607948,144.179020,144.346570,144.373613,145.212028,145.441555,145.476348,145.547251,145.678929,146.446708,147.480403,147.614808,147.648016,147.710203,147.982936,148.318740,148.380132,148.549572,148.946143,148.980001,149.449592,149.686897,149.954252,149.986161,150.048125,150.151571,150.249787,150.851817,150.885671,150.916080,150.955489,150.984249,151.086240
