19,49
0.000000,8.000000,-1.000000,7.000000,0.000000,7.000000,-1.000000,5.000000,7.000000,-1.000000,7.000000,5.000000,-1.000000,5.000000,-1.000000,5.000000,-1.000000,5.000000,-1.000000,5.000000,-1.000000,5.000000,-1.000000,5.000000,-1.000000,5.000000,-1.000000,5.000000,-1.000000,5.000000,-1.000000,5.000000,-1.000000,5.000000,-1.000000,5.000000,-1.000000,5.000000,-1.000000,5.000000,-1.000000,5.000000,-1.000000,5.000000,-1.000000,5.000000,-1.000000,5.000000,7.000000
24.088299,21.015333,18.775442,17.004141,16.950714,15.251380,18.601009,15.491963,16.872786,17.736509,13.689476,9.374105,17.964642,21.406031,18.248281,17.376804,14.339880,12.119869,12.522386,13.751060,14.342637,10.686934,14.703418,26.831108,32.948639,32.894527,32.343590,25.687878,14.886078,14.722727,13.865386,11.219843,14.352353,15.844466,16.595766,14.471781,21.598181,25.347052,23.895658,19.877243,18.107294,17.820259,16.784077,15.630214,12.625873,9.935749,11.073875,11.586312,11.559296
21.616089,24.933407,26.297337,24.586031,23.987297,26.046392,22.506510,17.311666,17.815840,18.386221,13.975275,10.625416,14.888337,21.478096,18.257483,17.384315,14.343616,12.122114,12.524165,13.752481,14.343822,11.498672,12.780615,28.883125,33.242123,33.075733,32.488167,25.725534,14.888935,14.725051,13.866868,13.161472,15.120475,16.110998,14.952322,13.102398,17.434547,26.549898,23.982920,19.920557,18.141087,17.830132,16.789186,15.630620,12.625982,9.935848,11.073965,11.586397,5.688822
69.871399,72.868317,74.054276,75.648232,75.771240,78.806541,75.053055,76.467148,-73.318085,-72.838684,-77.016731,81.199280,78.711617,70.864861,78.171127,78.337311,80.748383,81.504677,80.583084,77.300919,75.801071,79.552917,78.394371,63.502296,61.355686,62.317677,63.041855,67.738869,81.281624,81.572968,76.927818,80.781769,77.734764,76.372841,77.483070,79.752846,72.486801,66.512794,66.220718,70.161125,72.166740,73.860176,-73.246712,74.371262,-77.423058,80.066147,-78.927322,78.425850,78.465897
-76.869797,-68.927605,-66.079521,-65.852600,66.014915,74.593658,103.641792,104.379486,-107.703781,-107.875198,-103.283318,100.621941,-104.874763,109.175659,101.833328,101.667191,99.254654,98.497612,99.418816,102.700623,104.200150,101.498528,-102.779442,117.786324,118.500214,117.558426,116.854141,112.228188,98.719521,98.428032,103.073463,103.072319,-105.119926,-106.107445,-104.947311,-103.095085,-107.420082,113.805580,113.835732,109.876518,107.857536,106.147858,-106.758430,105.629158,-102.577065,99.933937,-101.072762,101.574234,-93.878738
22.779301,20.280769,17.308670,15.168240,15.930943,19.707878,25.470325,14.189472,14.529514,15.269792,14.957430,22.894001,31.981121,19.461454,30.730459,27.871910,21.149834,10.764191,12.387904,15.659909,16.263611,19.491772,37.481838,22.786205,21.083952,22.054987,23.117916,18.313375,21.586004,22.924223,16.487764,27.878155,33.204582,34.303482,37.978027,36.222008,45.035156,18.837585,14.403240,10.419996,13.361631,16.359682,16.269817,30.830973,34.072487,21.785385,22.259054,23.222973,22.723614
88.307335,82.289436,78.254036,67.644196,63.015980,29.572397,18.140373,14.189500,11.379026,6.531469,14.783772,11.221124,4.363812,47.168560,19.231133,16.160975,16.110458,11.857753,10.096290,8.548746,10.342750,19.137182,11.223265,20.796146,73.453163,22.054977,70.089058,64.221466,19.352591,19.997835,22.096785,9.336730,8.288729,7.151627,3.108854,4.274160,13.307570,18.837595,66.561958,18.444618,15.066914,14.709364,8.402071,12.120942,4.268383,6.558763,6.346068,6.901147,6.251001
67.855286,69.722328,-72.700500,-74.892220,-74.078171,-70.294876,66.559059,76.262817,85.300133,85.314613,78.567368,69.160355,73.497261,72.538300,-59.271557,62.499310,-69.178169,-79.984406,-77.716515,75.754349,78.885338,72.721352,61.874840,70.774834,72.023918,69.504494,68.670403,73.097061,-68.415161,-67.506950,79.093422,66.065208,63.937840,63.655491,62.206070,61.498291,60.657959,72.001984,78.927917,83.523506,78.685013,74.029404,80.840889,66.013329,66.323158,78.788002,79.804184,80.624496,82.721115
35.482471,38.146797,37.989616,44.676434,45.182800,64.827103,-71.899696,-76.262817,-85.546204,-92.489441,104.319336,95.052223,-91.332726,53.046776,71.900856,74.625717,74.097008,78.236229,79.910217,-82.348656,-84.210503,108.062637,-100.876129,70.523964,34.602310,-69.504509,56.847912,54.696491,70.854378,70.024483,-71.731422,98.979073,-98.264748,-97.025970,-92.532333,94.149643,-97.630501,-72.001976,50.425907,72.164284,74.934166,-76.484802,-87.493912,-102.038780,94.129044,-95.444794,-93.983536,-92.993790,-91.947083
-5.331015,-3.974636,-3.597660,-2.941978,-2.658296,-1.591516,-0.768213,-0.455425,0.331613,0.269795,0.178041,6.368244,12.740569,-2.117755,-0.759761,-0.684713,-0.500460,-0.406382,-0.365840,-0.329244,0.296075,6.084022,16.110985,9.207096,-4.416324,-3.602447,-3.253655,-1.952242,0.333965,0.300666,0.243090,16.814362,22.143467,22.814072,17.549509,19.177425,16.234673,-4.055213,-2.047940,-1.281458,-1.053506,-0.468972,0.343781,0.110143,0.027976,0.000000,0.000000,0.000000,0.000000
94.227798,93.318680,93.058342,92.530205,92.229660,91.272751,90.442192,90.103882,89.910484,89.879005,89.886475,84.258255,-77.292458,91.898476,90.659470,90.545448,90.311035,90.165886,90.116638,90.027916,89.978592,85.214218,-73.889748,85.244659,90.459915,90.725342,90.771461,90.786964,89.951912,89.943108,89.855042,73.470764,68.172752,67.439636,-72.508499,70.824471,75.055679,92.404762,91.725136,90.976006,90.787033,90.135475,89.953217,89.922569,89.975349,89.993156,89.993752,89.994278,89.995186
112.443909,110.781364,111.167801,110.441177,107.714073,96.453613,-43.891525,-25.310341,-18.265821,-14.714313,-9.572264,-5.612866,-2.968672,-0.027976,-0.000000,-0.000000,-0.000000,-0.000000,-0.000000,-0.000000,-0.000000,-0.000000,-0.000000,-0.000000,0.000000,0.000000,0.000000,0.000000,-0.000000,-0.000000,-0.000000,-0.000000,-0.000000,-0.000000,-0.000000,-0.000000,-0.000000,0.000000,-0.000000,-0.000000,-0.000000,-0.000000,-0.000000,-0.000000,-0.000000,-0.000000,-0.000000,-0.000000,15.459211
25.993595,24.148432,26.552771,26.785265,26.959455,42.309669,93.040382,107.877090,-108.026131,-103.232231,-97.283661,-93.938644,-91.927818,90.002502,90.000397,90.001968,90.003761,90.004745,90.004753,90.005119,-90.004868,-90.002083,-90.001099,90.000389,89.999649,89.999557,89.999550,89.999680,90.000511,90.000565,90.001122,-90.001030,-90.000969,-90.000954,-90.000870,-90.000916,-90.001076,89.999886,90.000206,90.000488,90.000450,90.000885,90.001205,-90.000984,-90.000839,-90.000816,-90.000793,-90.000801,75.942650
28.879122,30.693850,29.407236,27.859972,29.359921,36.922077,41.966755,24.117893,17.120823,22.818960,30.879580,31.498537,18.392857,32.082745,51.905685,44.379456,29.859684,5.603745,11.779351,19.015879,20.996887,18.641748,33.096069,30.336340,16.542307,19.639366,20.553944,24.235500,32.034126,31.376284,21.410700,29.462503,33.729858,33.589664,34.319477,35.185505,41.641865,28.475372,35.571720,33.131439,38.781693,16.636669,16.954250,29.524200,28.035540,-4.973624,-5.414464,-7.423015,-10.683435
-61.221733,-59.640736,-60.855564,-62.208679,60.642216,53.757645,52.809803,-66.830376,72.901672,67.191727,-59.338226,-59.143791,73.073013,57.996399,-38.890289,46.289158,60.417114,84.408661,78.282829,73.273407,73.496582,71.496895,61.765060,-59.896675,-77.542702,-75.322479,-72.647705,-66.610970,-57.995087,-60.298584,71.628914,60.959587,57.186138,57.209366,57.604572,56.153908,58.973022,-62.285412,-54.482170,-57.043320,51.238529,74.810951,74.600952,60.767052,64.082253,90.763680,92.011948,93.983856,97.285652
52.708115,73.997253,79.442459,71.561157,65.643448,30.301291,-7.012464,24.117884,40.409969,38.195614,20.271042,23.912491,23.755819,45.761715,9.068804,-6.868470,16.012819,29.982437,36.845627,42.372654,49.548660,16.071878,21.269623,98.883179,154.736374,19.639355,99.041031,68.156807,8.135208,18.963108,40.813908,24.550785,25.744112,26.376270,27.603146,28.708487,26.359875,28.475372,59.556915,21.397600,15.363691,22.889427,36.747742,20.493277,27.536442,14.623254,17.870253,18.212114,19.397617
-42.088043,16.002888,11.005033,25.435520,32.434479,60.632305,-91.224937,66.830376,49.602898,51.906231,70.202690,71.631157,68.022369,48.365562,-82.174713,-92.775475,74.551437,63.504299,57.945843,50.307644,40.843174,79.836845,74.798325,51.236080,73.132568,75.322495,19.782530,32.859524,81.917419,71.477180,49.202942,74.291077,73.574791,72.775749,69.172081,70.727646,69.755722,62.285404,38.021301,69.527840,-74.741219,68.233589,54.700588,77.457024,68.581001,75.590256,72.168274,-71.794853,-70.711945
-160.575943,-162.717743,-163.864609,-164.191788,-161.964035,-158.007828,-140.076218,-116.314323,79.932541,67.464386,53.969383,44.202499,42.010281,-161.128937,-157.864639,-151.393143,-137.232132,-121.706566,-115.789124,-99.466743,87.857086,50.778065,54.011101,-148.309280,-161.675781,-161.921539,-162.127029,-167.302460,-139.286804,-136.735886,-105.507477,56.789230,53.933647,52.764740,46.679131,50.231411,63.824409,-164.064255,-166.167053,-154.358612,-153.413147,-122.913322,-91.948555,54.768726,45.739098,42.203720,41.447727,41.034023,39.581356
65.665996,65.770244,65.805688,65.869848,65.905550,66.071389,66.303979,66.469283,66.573149,66.637167,66.771906,66.935998,67.137250,68.604660,68.940613,68.973801,69.072920,69.141636,69.171571,69.207501,69.241236,69.507941,70.114104,70.608857,70.837634,70.907828,70.939942,71.108588,71.677308,71.708538,71.772780,72.177334,72.241502,72.276469,72.449243,72.612336,72.744438,73.343941,73.646054,73.811291,73.875048,74.139549,74.244103,74.612818,75.011843,75.445831,75.479932,75.511650,75.579583
