19,44
7.000000,4.000000,0.000000,-1.000000,0.000000,7.000000,5.000000,-1.000000,7.000000,0.000000,7.000000,0.000000,7.000000,0.000000,7.000000,0.000000,7.000000,-1.000000,7.000000,-1.000000,7.000000,0.000000,7.000000,0.000000,7.000000,0.000000,7.000000,0.000000,4.000000,0.000000,7.000000,0.000000,7.000000,-1.000000,7.000000,0.000000,4.000000,0.000000,7.000000,0.000000,7.000000,5.000000,-1.000000,7.000000
6.486732,23.126925,25.287485,26.962906,1.203335,14.175003,19.456257,19.586449,20.318531,11.200431,8.293512,9.318316,13.259995,34.040619,12.406786,2.197667,3.973748,8.746195,10.174847,9.898489,11.011203,7.457194,13.814233,17.391960,12.598063,16.217428,18.905117,14.266020,12.974654,17.918146,6.204566,6.288401,6.880083,7.840548,8.025389,8.107068,9.318357,10.337612,11.604391,23.435898,23.367729,17.087370,17.261513,12.271635
33.478317,37.416416,38.706219,37.361488,34.684013,18.478481,7.166260,9.876990,4.129151,14.477438,19.716665,22.117275,21.752512,27.239695,21.466070,20.824436,17.552713,9.937134,7.007399,5.749037,4.624994,15.358843,13.843822,13.175818,13.031449,16.117495,16.257366,8.557723,9.361937,14.368848,18.119301,15.584975,10.385651,8.468120,11.861476,26.899408,18.878939,18.335058,16.866337,13.478393,13.496389,4.085572,7.915693,15.052876
-96.420090,-109.168289,-111.071037,-112.259651,89.390472,79.253242,72.295494,71.809479,72.340279,90.075630,91.186455,98.422661,103.246994,-123.557098,-101.332451,-87.847748,-86.033501,-84.046204,-82.844322,-82.397949,-79.067947,86.421295,91.684105,92.976593,96.191933,105.565285,108.780991,94.147736,90.906181,95.322845,88.162033,87.960938,87.114395,83.366264,84.171906,87.146667,88.287239,87.985672,84.612686,67.066269,109.395790,74.177269,73.260918,77.811333
108.395340,110.105644,107.137672,104.076347,103.980568,100.786346,-82.984253,-82.379433,-85.954056,97.108643,97.918999,91.742630,87.906364,87.306473,96.457619,92.444847,92.142456,-80.879929,-83.030716,84.488098,85.659264,96.569359,98.588608,95.082848,93.866264,87.870735,85.282944,92.135605,93.099274,87.921425,97.595856,94.708138,89.178238,-81.794357,-78.267357,108.925972,100.616905,100.932869,99.614464,93.187836,91.146835,-86.453842,-82.233627,-76.111885
24.644382,45.652405,31.258558,65.203064,34.236095,16.215178,25.600468,25.902363,29.780502,2.405257,17.190821,22.472797,25.218178,35.538700,9.914390,17.384966,18.849670,19.727707,21.214245,23.246986,24.461075,13.654902,5.309912,10.184315,14.241594,22.273348,24.733950,28.002163,46.599716,47.619148,10.539131,10.654641,10.003901,19.602671,22.600996,6.143631,41.530533,32.201881,30.482058,31.919294,31.929403,14.554650,16.855328,15.526907
29.477007,32.450882,33.598389,34.748432,34.479858,22.493755,9.528131,9.714320,8.081407,13.179204,28.303001,29.967442,31.332348,37.599277,20.098818,29.043859,23.968523,12.000223,10.425547,8.973538,7.532911,5.397863,20.413628,22.354532,23.662453,28.419559,30.210609,29.563282,21.880482,16.747719,14.952334,19.508509,22.512896,14.343891,12.806016,17.754862,23.422403,25.358728,31.714357,34.923576,33.520405,11.776507,8.585174,10.979009
-98.296806,53.352169,61.575085,29.812523,58.896511,82.586967,78.080200,78.844215,74.091820,91.963196,-92.437820,-93.388008,-95.023582,-95.108192,-82.765800,-72.675400,71.626373,82.562614,83.101242,82.360558,80.528778,94.037743,-92.219994,-92.168785,-93.173798,-93.283699,-93.556847,-95.112953,65.423019,55.311165,80.391747,79.592094,80.064087,75.380447,74.152168,86.636520,-48.595245,-59.692055,-72.652298,-80.888603,-89.691673,81.620430,81.826630,81.828590
113.458511,116.461586,114.558701,112.751839,109.547493,103.504089,93.731178,94.987274,96.314507,91.455246,109.038216,107.938873,106.326309,95.858398,87.412888,100.722038,99.975258,96.933716,96.785301,96.071045,95.236626,92.676018,101.494034,104.115784,103.388290,103.089333,101.965050,106.315056,107.065056,100.518150,92.167099,93.189507,97.504135,93.916206,92.017212,90.527336,97.510803,100.119446,102.570885,95.943352,98.046700,97.420364,95.082069,93.219666
18.328304,18.632589,17.865400,16.955399,13.912691,9.024344,4.460937,3.724310,5.062486,12.756835,13.457072,14.850836,15.607851,10.009994,2.974601,0.865924,0.703043,0.096913,0.079129,0.068528,4.685462,3.324370,4.619401,-14.274928,14.677185,15.459889,15.442983,12.133347,17.059126,14.141970,8.735431,8.544586,7.275321,10.819236,11.527707,8.522239,25.729301,27.828018,30.038729,-50.656258,48.027931,4.821864,6.706831,9.757235
-78.257965,-75.427689,-75.521446,-75.633850,-76.088280,82.296295,-86.573723,-87.128540,-84.964134,87.613060,-76.717453,-75.635483,-74.938927,-82.546341,-88.126732,-89.401520,-89.528069,-89.937767,-89.950180,-89.956551,86.123268,86.755638,-86.298660,-91.529099,-88.227707,-84.724716,-84.095825,79.456635,77.113663,78.652115,-81.284454,81.564308,83.180725,-79.331459,-78.652832,81.938042,70.203529,68.958290,-70.698792,-94.338051,-85.918137,-85.276566,-83.348877,-81.161270
111.734261,103.187668,102.498802,103.327713,105.638123,85.364845,5.534491,6.251879,15.335837,120.401344,128.529129,131.283035,132.522339,132.868378,126.380653,125.623474,125.219772,7.087148,6.713262,7.235245,10.080205,121.235245,131.226181,131.689148,132.374039,133.688766,133.619339,136.448959,132.610779,135.201401,126.873619,127.270042,125.435547,9.201780,18.540123,125.619217,127.950127,129.038345,130.339828,133.243225,140.472458,18.288797,10.175253,11.671093
46.944374,38.797863,35.012630,34.305149,41.720577,53.959332,84.465706,-84.970421,75.105690,65.948212,63.670670,59.883205,59.515892,54.644424,60.971172,62.006725,62.585289,-82.936424,83.290955,-82.766205,79.926750,62.350422,67.022240,66.660500,67.199219,63.894733,65.407867,68.664085,67.093521,63.016369,63.920040,64.655563,64.800148,-80.942665,71.640457,63.264297,65.389458,66.333366,68.364090,67.907875,67.510445,-72.040138,-80.779327,78.342941
22.465130,83.353294,72.813080,99.380692,76.160957,30.114830,21.520096,18.114149,30.324398,16.413805,30.181421,26.195810,22.800673,6.589933,18.887297,28.152325,28.273651,13.963731,15.934826,16.205709,18.360910,9.859196,24.261070,21.044538,18.289963,13.936475,12.225791,3.407088,88.941788,87.826714,19.313215,20.311743,19.900061,20.519024,19.745445,19.849319,87.649048,74.292183,53.582809,33.306122,12.262152,11.650090,10.623750,11.521315
-67.938950,-26.016626,-30.583822,-26.584610,13.876526,-60.066338,-68.492638,71.907509,59.749565,73.915283,-59.867626,-63.963398,-67.691872,-83.888626,71.138809,-64.756378,-63.619694,-76.053421,-74.068916,73.908844,71.689117,86.975723,66.018318,69.019737,71.715019,-76.154900,-77.918694,-86.933060,9.830034,14.629070,-70.730560,-70.110962,-70.826561,-69.611824,-70.324478,71.285103,-4.533757,-16.629583,36.472031,56.879177,-77.768700,-78.857216,-79.606339,-78.507477
-21.109257,-22.229517,-19.748285,-17.999950,-16.020889,22.827051,22.551512,23.770294,21.596649,24.838684,-12.454223,-14.118539,-13.207066,-8.276923,31.468266,24.621326,22.146357,22.497862,23.229111,22.813765,23.444902,18.862276,12.033635,4.802935,4.153033,-4.780203,-5.055205,-12.476357,-9.732599,-4.598490,32.281708,32.775406,24.500814,16.933674,23.500437,36.441692,19.549068,15.457877,-3.155853,2.520026,-3.500845,8.284630,11.336384,18.640200
-108.164452,-110.231491,-109.494415,107.942589,103.793793,76.220566,72.912354,72.068726,71.866661,76.406403,-102.336250,-103.649643,-102.554405,97.349884,72.640930,78.551208,78.497871,69.954346,68.460762,68.577507,67.728783,74.574379,80.610786,88.525696,89.052521,94.685982,95.035217,-101.742561,-98.950066,-93.118988,67.628998,65.900558,71.636078,75.950302,71.634277,62.237900,78.942528,82.216873,90.390388,89.142685,93.070366,82.226845,78.815361,72.832222
25.742491,28.945021,30.859772,33.590561,30.945904,19.764238,17.832342,20.464216,22.373821,26.829971,25.494799,24.922258,27.101219,16.274534,16.667048,27.515995,26.262875,20.410906,19.591663,18.649246,19.903009,14.999449,20.338848,19.421881,18.101229,17.492153,16.126989,9.781185,16.304558,20.707752,23.365025,23.109451,22.412027,18.114105,20.304697,17.645231,26.363514,27.024677,16.054773,6.385616,6.578138,17.438799,16.278677,18.493076
158.266648,158.398744,158.430915,158.461873,158.530585,159.131863,159.362142,159.497496,159.798443,160.168651,160.403542,160.434905,160.463336,160.801310,161.238912,161.632888,161.700742,162.335536,162.398646,162.432589,162.469072,162.838444,163.237519,163.271304,163.299668,163.369135,163.403143,163.769991,163.908284,163.970148,164.404128,164.471931,164.532397,164.906042,165.411208,165.839538,166.069504,166.105799,166.238434,166.344210,166.573516,167.744762,167.809472,168.074275
