62,41
-1.000000,7.000000,5.000000,-1.000000,0.000000,-1.000000,8.000000,-1.000000,8.000000,7.000000,-1.000000,7.000000,-1.000000,7.000000,0.000000,-1.000000,8.000000,-1.000000,0.000000,-1.000000,5.000000,-1.000000,7.000000,5.000000,-1.000000,5.000000,-1.000000,0.000000,-1.000000,0.000000,-1.000000,7.000000,0.000000,-1.000000,5.000000,-1.000000,5.000000,-1.000000,5.000000,-1.000000,5.000000
-660.977051,-679.458984,-675.420654,-636.182434,-618.739258,-481.040771,-373.078918,-373.364227,-367.661377,-361.648926,-366.618652,-363.382874,-357.619324,-637.093994,-648.178223,-430.828979,-365.059204,-357.613220,-355.890747,-361.642090,-354.982849,-340.463440,-457.947449,-656.062988,-633.645874,-621.492676,-604.475830,-582.948425,-463.392426,-365.727661,-355.138336,-351.651367,-344.870209,-349.816315,-352.398621,-350.555267,-335.908539,-317.020477,-651.080750,-647.988464,-646.727051
240.998352,235.766632,241.371124,248.320374,249.125412,235.532745,267.528534,255.376892,240.534500,210.261673,199.692322,195.210327,293.579285,235.860886,231.431564,222.043289,247.594116,230.461594,183.226425,155.669571,193.344391,287.875610,253.380585,233.732468,243.887787,246.302826,254.500610,251.313309,228.503464,251.956177,219.170410,200.711304,164.679199,160.084778,143.523041,150.628021,249.298050,279.206848,251.604584,249.592606,247.835999
2562.189453,2545.970215,2553.256348,2489.080322,2479.413574,2499.136475,2579.979248,2571.601562,2585.885254,2597.351807,2631.326660,2657.281494,2593.873779,2477.445312,2505.738525,2482.814209,2613.242188,2639.019043,2683.084473,2678.431641,2687.592041,2641.648682,2505.342041,2519.239990,2488.558594,2477.392578,2472.570312,2463.925537,2497.997559,2638.626221,2640.180176,2670.517822,2702.418213,2703.414551,2735.892334,2732.467041,2717.320801,2677.898438,2568.979736,2567.846191,2567.170410
-444.853607,-436.890381,-418.373047,-472.355835,-491.303528,-589.507385,-588.186340,-579.453003,-577.414429,-563.497009,-572.539795,-573.913818,-565.067078,-384.858826,-382.387878,-543.317993,-566.533386,-561.652771,-542.537354,-530.555969,-543.351135,-563.076599,-383.274658,-391.155884,-434.771851,-443.737244,-458.021729,-468.180603,-555.646301,-581.180176,-552.244995,-551.484436,-536.813843,-521.219360,-516.773499,-517.816528,-551.649841,-541.881897,-385.353027,-383.885681,-382.550415
212.139313,213.881287,216.284760,212.587265,208.098404,182.382599,93.689476,75.961006,56.406082,12.410583,3.367325,11.969292,128.416199,232.684219,233.018616,170.048691,49.207314,23.711548,-32.350471,-67.728607,-15.688248,106.326599,220.608795,232.555771,225.721130,222.851608,220.401062,212.396774,186.113708,62.767586,8.605301,-12.034241,-44.993027,-62.307289,-56.750893,-48.645287,60.856613,95.430038,230.622467,229.209061,228.733475
2752.258789,2709.597168,2698.306641,2730.228271,2739.013184,2757.222412,2651.525146,2655.605469,2646.822266,2629.771729,2614.046387,2594.786865,2701.077393,2632.591309,2636.454346,2746.450439,2684.235352,2663.744629,2622.433105,2597.497559,2611.356689,2691.366455,2785.238525,2651.813232,2702.647461,2709.327637,2723.159180,2729.690186,2771.762695,2693.677490,2685.499512,2663.548584,2635.802490,2623.381836,2601.303955,2599.965576,2660.852539,2708.001953,2698.225830,2700.433105,2699.827637
-570.408691,-572.126221,-554.868347,-578.104126,-581.604431,-592.134094,-599.681763,-597.414062,-597.152710,-599.875122,-610.357910,-610.285645,-577.009094,-529.782837,-534.445801,-548.497864,-597.131470,-598.699097,-607.456055,-614.412781,-605.534424,-581.945679,-452.793610,-539.861084,-560.038025,-562.403198,-566.661621,-566.101501,-574.640747,-599.193237,-593.950867,-595.837524,-593.856934,-600.968994,-602.324524,-599.584473,-583.257202,-559.175903,-523.942566,-521.691772,-520.335327
423.581604,425.674988,428.918671,425.468933,421.361359,401.080017,344.628906,326.137817,308.040771,262.049011,245.314362,248.391876,378.759186,437.591980,434.369049,388.123627,301.381653,274.082306,204.244202,161.047241,223.240509,357.893433,431.741699,435.559448,431.052063,429.978333,428.108521,419.952271,398.059692,317.347534,260.726654,236.085861,191.756531,163.093140,156.161011,169.422394,308.171753,349.681610,441.116272,440.029572,439.284088
2708.759766,2676.670898,2676.792725,2657.792480,2657.380371,2648.005859,2659.002686,2659.440674,2658.789062,2658.247803,2671.037598,2673.621582,2687.164795,2593.713867,2610.779785,2629.384521,2693.843018,2695.291992,2695.498047,2678.234619,2675.699707,2678.855225,2677.869629,2619.795410,2639.533203,2638.708984,2647.995117,2644.528076,2642.620117,2702.576660,2708.215088,2712.413086,2714.778076,2715.371826,2717.089111,2707.293945,2714.364990,2716.439697,2681.104736,2678.854980,2677.240723
-537.831909,-547.954834,-542.599182,-537.268066,-535.501160,-482.950867,-365.703918,-358.282837,-350.626495,-329.141815,-332.312439,-330.837830,-351.408142,-494.066711,-498.255646,-431.231140,-336.529419,-323.186157,-293.749146,-280.384857,-293.806335,-326.039825,-389.677368,-511.937744,-516.261719,-512.033997,-505.983398,-496.592041,-448.204834,-348.121582,-314.855225,-307.632904,-288.143372,-271.569763,-266.595825,-268.036896,-306.902161,-304.166016,-511.837189,-509.755005,-508.192505
28.508848,25.279037,29.204224,31.338818,29.703247,12.733198,19.078001,6.990667,-7.018128,-33.447365,-37.286224,-34.462181,44.793579,33.388672,31.463024,0.393090,-0.871862,-14.091044,-42.866791,-62.203194,-37.884472,37.832809,38.071281,30.958542,34.363079,34.802746,39.458099,34.260059,13.106680,2.509520,-26.625721,-39.096416,-61.405449,-56.140450,-57.356903,-55.799904,7.705479,29.410793,42.292870,40.030304,38.618370
2610.000732,2585.943848,2583.640625,2568.599609,2568.195557,2609.759277,2568.812012,2564.498535,2566.162109,2560.731934,2564.060547,2566.563721,2604.146973,2523.413574,2538.911621,2599.872559,2598.456055,2596.867676,2594.833496,2585.175537,2613.034668,2647.886719,2613.746582,2560.410156,2561.922852,2557.387451,2556.156494,2555.362305,2625.471924,2624.498535,2613.818848,2613.175781,2610.758545,2604.126953,2613.338867,2617.086914,2657.934570,2664.783691,2588.209717,2591.175293,2591.910645
-452.432251,-459.914307,-456.581970,-468.154907,-475.044128,-465.712372,-321.261841,-307.741547,-297.594910,-262.345764,-261.840210,-261.931763,-308.101715,-396.946320,-396.731018,-410.818634,-271.909729,-250.961884,-196.024063,-165.231949,-194.439133,-265.173706,-334.757233,-416.038971,-434.653320,-435.011688,-434.008972,-431.111145,-415.785278,-296.950104,-243.087311,-229.071960,-199.287964,-169.639191,-151.399094,-155.715210,-239.365524,-250.059723,-420.972534,-419.598694,-417.757263
-178.940491,-181.287125,-178.394852,-179.142639,-182.384720,-200.683258,-199.416779,-210.525024,-222.971619,-243.546448,-239.784134,-232.486969,-174.458130,-168.505386,-168.794510,-211.636169,-213.800995,-220.344360,-227.861069,-235.246979,-226.733032,-174.334457,-171.379120,-171.601166,-171.893585,-172.418015,-169.410095,-175.714523,-194.372192,-217.463394,-238.787292,-242.129669,-252.394012,-241.636139,-222.423340,-226.720490,-200.232452,-186.670578,-163.198807,-165.821381,-167.121216
2624.616943,2596.598633,2587.613525,2604.252441,2610.570312,2674.819824,2545.316162,2542.941650,2535.981201,2518.604736,2499.829346,2486.639404,2595.250488,2541.145508,2548.282715,2668.148438,2570.952881,2550.135986,2518.145508,2508.160400,2553.933594,2643.752441,2672.111572,2577.445312,2596.774414,2595.059326,2594.369385,2598.458252,2701.810303,2601.794434,2580.218262,2557.038330,2530.249512,2515.898193,2514.852783,2525.316406,2608.633301,2646.146240,2583.908936,2590.368408,2592.497559
-593.064697,-615.555664,-620.021057,-572.379150,-556.917725,-395.542969,-180.288559,-172.572601,-159.835266,-129.075562,-128.251083,-124.122818,-174.844452,-557.367737,-565.725464,-339.958954,-142.615372,-122.516754,-80.544403,-64.109451,-82.452255,-135.445572,-382.730133,-584.493103,-561.975830,-547.894348,-527.427063,-504.127960,-357.995300,-148.628387,-108.950211,-98.323837,-71.601501,-45.604172,-45.812073,-48.060547,-100.684738,-107.701988,-589.942444,-587.547180,-585.735291
-160.161774,-167.244644,-162.444138,-156.409729,-156.026108,-166.299286,-85.489220,-92.850204,-102.041481,-112.915268,-112.420425,-112.541367,-68.363045,-166.485031,-169.803589,-178.883438,-86.487900,-90.192947,-94.482056,-101.506760,-102.460999,-68.536514,-150.325150,-170.852905,-160.263000,-157.525436,-147.659180,-150.955322,-167.818268,-87.222275,-95.491318,-102.933060,-112.913956,-80.703171,-93.776405,-98.461861,-79.100311,-70.323112,-149.856781,-152.859070,-154.974777
2500.937744,2491.609375,2495.385986,2450.837402,2443.785156,2507.858398,2498.427490,2487.845459,2495.959717,2497.199463,2511.039795,2527.547119,2526.386230,2442.472656,2465.170898,2502.077148,2525.393799,2534.571045,2555.670898,2556.612549,2599.256348,2614.779297,2492.294189,2493.142090,2459.710938,2447.770264,2434.527100,2429.375244,2530.317139,2563.895996,2549.377441,2561.598389,2574.563965,2573.813232,2601.306396,2610.598633,2644.931641,2627.088135,2501.724365,2506.053467,2508.146973
0.000000,0.000000,0.000000,0.000000,0.000000,0.000000,0.000000,0.000000,0.000000,0.000000,0.000000,0.000000,0.000000,0.000000,0.000000,0.000000,0.000000,0.000000,0.000000,0.000000,0.000000,0.000000,0.000000,0.000000,0.000000,0.000000,0.000000,0.000000,0.000000,0.000000,0.000000,0.000000,0.000000,0.000000,0.000000,0.000000,0.000000,0.000000,0.000000,0.000000,0.000000
0.000000,0.000000,0.000000,0.000000,0.000000,0.000000,0.000000,0.000000,0.000000,0.000000,0.000000,0.000000,0.000000,0.000000,0.000000,0.000000,0.000000,0.000000,0.000000,0.000000,0.000000,0.000000,0.000000,0.000000,0.000000,0.000000,0.000000,0.000000,0.000000,0.000000,0.000000,0.000000,0.000000,0.000000,0.000000,0.000000,0.000000,0.000000,0.000000,0.000000,0.000000
0.000000,0.000000,0.000000,0.000000,0.000000,0.000000,0.000000,0.000000,0.000000,0.000000,0.000000,0.000000,0.000000,0.000000,0.000000,0.000000,0.000000,0.000000,0.000000,0.000000,0.000000,0.000000,0.000000,0.000000,0.000000,0.000000,0.000000,0.000000,0.000000,0.000000,0.000000,0.000000,0.000000,0.000000,0.000000,0.000000,0.000000,0.000000,0.000000,0.000000,0.000000
-660.976685,-706.133179,-646.570251,-559.953430,-505.621643,-294.079193,-201.924255,-209.743637,-252.581177,-334.815857,-359.733978,-336.787537,-365.014526,-757.482117,-664.758606,-238.210083,-175.309982,-206.810791,-287.377625,-330.723389,-346.025513,-336.944519,-457.759674,-630.083008,-586.550659,-555.699951,-507.760590,-430.773987,-259.992188,-132.568222,-207.774567,-242.044022,-286.664185,-318.935120,-339.797485,-341.042450,-333.305206,-315.413025,-639.438965,-640.276428,-639.493408
-25.870270,-19.724442,9.425583,41.320801,62.910797,217.668320,146.466965,88.314804,48.875671,-32.378021,-56.824860,6.247391,29.908539,-38.224411,-14.898972,182.571930,80.756577,32.525955,-63.764496,-105.857986,-72.946259,21.104095,-13.487640,-4.699554,25.330231,45.614960,64.011475,93.345825,198.571533,140.511368,36.246323,-8.729919,-76.986893,-96.167908,-120.522675,-114.430603,-17.375656,12.418091,-0.493011,0.947159,-1.324142
2562.189209,2570.951660,2475.455811,2440.515137,2429.399414,2566.848145,2516.586914,2443.003662,2440.137939,2489.533447,2558.043701,2540.499756,2553.353516,2477.283691,2438.923584,2550.037109,2527.339111,2542.587891,2608.785156,2635.230713,2672.494141,2635.371094,2504.993896,2470.284668,2444.846191,2439.836426,2437.922119,2434.102783,2561.292725,2572.025879,2513.524902,2546.665039,2605.317871,2635.592773,2699.287354,2702.932861,2707.461182,2671.571533,2495.111816,2498.008301,2499.521484
-444.854309,-382.304626,-355.557465,-398.293030,-402.616821,-522.765198,-583.041260,-575.348267,-574.138000,-561.826965,-571.472839,-573.368530,-564.924316,-311.776520,-321.102936,-500.407837,-563.058594,-558.876587,-541.119812,-529.831360,-543.113831,-562.979431,-383.270020,-331.117859,-349.798645,-362.053070,-367.123047,-366.038910,-518.973022,-577.350281,-549.797485,-549.527466,-535.562317,-520.418762,-516.363770,-517.488770,-551.542480,-541.813293,-329.823029,-328.980682,-328.793945
-54.729370,-70.790161,-46.590668,-65.427719,-75.621780,-71.979279,-173.085114,-190.847443,-210.424026,-254.447906,-263.497192,-254.898254,-138.452301,-49.599442,-29.134766,-91.051590,-217.618439,-243.129608,-299.211945,-334.595306,-282.556641,-160.541962,-46.259888,-44.632767,-38.434692,-39.668533,-56.346619,-61.878311,-77.160614,-204.059479,-258.246277,-278.891937,-311.857178,-329.174042,-323.619019,-315.513580,-206.011948,-171.438583,-39.531433,-40.653091,-41.566513
2752.258789,2702.212891,2662.092773,2701.196533,2698.689697,2711.787354,2646.660645,2651.701416,2643.691162,2628.160645,2613.013428,2594.257080,2700.938477,2637.270752,2571.330566,2711.748779,2680.952148,2661.114014,2621.082275,2596.804932,2611.129395,2691.273438,2785.233398,2586.625977,2665.749023,2683.533203,2691.044922,2674.675049,2748.086914,2690.935303,2683.739258,2662.138916,2634.898926,2622.802979,2601.007324,2599.728271,2660.774658,2707.952148,2610.840088,2614.612061,2618.675293
-661.021484,-703.473389,-501.310303,-540.041565,-469.469360,-412.204437,-299.788452,-339.378418,-410.755676,-523.367676,-540.393066,-446.559845,-504.954681,-750.761963,-421.066467,-364.828217,-428.099945,-456.221863,-503.579834,-502.712189,-454.172302,-409.264496,-476.396820,-499.849976,-500.670959,-501.267792,-502.371826,-443.231537,-387.982849,-318.327698,-419.590820,-455.227020,-488.466736,-499.356995,-483.389709,-472.780548,-415.553070,-382.790344,-654.236572,-655.616638,-655.769287
-292.738678,-288.591492,-219.006378,-228.533936,40.635597,430.670624,269.491974,159.774277,78.209274,-116.065262,-196.348450,-53.669777,-187.541718,-310.783020,57.698776,397.266174,76.712059,-12.807117,-203.275528,-302.192963,-314.465820,-234.751862,-279.640137,-250.682007,-232.342468,-219.124054,-203.395050,72.168243,390.169373,221.554535,25.657673,-59.262691,-193.156036,-260.240143,-330.842285,-335.153961,-267.820923,-243.634460,-293.195862,-291.866333,-293.993652
2561.950928,2576.529053,2510.776855,2497.414795,2524.392090,2645.689941,2764.313477,2665.055908,2653.068115,2658.836426,2696.298340,2616.916992,2619.315430,2407.052734,2460.880127,2623.719971,2612.777588,2626.001709,2679.581299,2690.830078,2707.011230,2658.314453,2510.856934,2487.342529,2506.409424,2501.840576,2498.335938,2534.403076,2642.510010,2745.646973,2675.514404,2699.040527,2735.699219,2743.976807,2779.073242,2774.662354,2749.069824,2704.981445,2505.854492,2508.811279,2513.688965
-444.790253,-336.790466,-371.165314,-321.339478,-320.226624,-474.686768,-571.245300,-564.882812,-564.842224,-555.271851,-566.255981,-569.644287,-562.998352,-231.602173,-346.080505,-451.495972,-548.870911,-546.162292,-531.949768,-523.199768,-539.233276,-560.445374,-382.630432,-356.352478,-326.896118,-314.313232,-299.504578,-287.860107,-470.261169,-561.209290,-536.804932,-537.866089,-526.161438,-512.834106,-510.860382,-512.542053,-548.635254,-539.461548,-351.931641,-351.746765,-352.188110
-321.597717,-346.196991,-273.887390,-301.976990,-324.158569,-326.250488,-438.682587,-456.685944,-476.457886,-520.872498,-530.074402,-521.611938,-405.277161,-304.776428,-277.055634,-349.777100,-483.677032,-509.341949,-565.731567,-601.278320,-549.360596,-427.382751,-313.126648,-295.651123,-266.922485,-264.610352,-283.492432,-306.748352,-331.908936,-469.442291,-524.139648,-544.970459,-578.207397,-595.702515,-590.306824,-582.235718,-472.829468,-438.273682,-285.149353,-284.613617,-285.399994
2752.123779,2664.624512,2477.763184,2549.363770,2571.323486,2646.569092,2623.473633,2630.744385,2624.759766,2614.239746,2601.690186,2585.963867,2696.506348,2583.475586,2430.487793,2668.302490,2665.773682,2647.396240,2610.982178,2589.390137,2606.718018,2688.368408,2784.491211,2465.340088,2507.028564,2526.470703,2545.102539,2581.680176,2685.243652,2667.907715,2665.010986,2645.255371,2621.185059,2611.670410,2592.871826,2592.401611,2656.438232,2704.437500,2468.582275,2472.073242,2477.250732
0.000000,0.000000,0.000000,0.000000,0.000000,0.000000,0.000000,0.000000,0.000000,0.000000,0.000000,0.000000,0.000000,0.000000,0.000000,0.000000,0.000000,0.000000,0.000000,0.000000,0.000000,0.000000,0.000000,0.000000,0.000000,0.000000,0.000000,0.000000,0.000000,0.000000,0.000000,0.000000,0.000000,0.000000,0.000000,0.000000,0.000000,0.000000,0.000000,0.000000,0.000000
0.000000,0.000000,0.000000,0.000000,0.000000,0.000000,0.000000,0.000000,0.000000,0.000000,0.000000,0.000000,0.000000,0.000000,0.000000,0.000000,0.000000,0.000000,0.000000,0.000000,0.000000,0.000000,0.000000,0.000000,0.000000,0.000000,0.000000,0.000000,0.000000,0.000000,0.000000,0.000000,0.000000,0.000000,0.000000,0.000000,0.000000,0.000000,0.000000,0.000000,0.000000
0.000000,0.000000,0.000000,0.000000,0.000000,0.000000,0.000000,0.000000,0.000000,0.000000,0.000000,0.000000,0.000000,0.000000,0.000000,0.000000,0.000000,0.000000,0.000000,0.000000,0.000000,0.000000,0.000000,0.000000,0.000000,0.000000,0.000000,0.000000,0.000000,0.000000,0.000000,0.000000,0.000000,0.000000,0.000000,0.000000,0.000000,0.000000,0.000000,0.000000,0.000000
0.000000,0.000000,0.000000,0.000000,0.000000,0.000000,0.000000,0.000000,0.000000,0.000000,0.000000,0.000000,0.000000,0.000000,0.000000,0.000000,0.000000,0.000000,0.000000,0.000000,0.000000,0.000000,0.000000,0.000000,0.000000,0.000000,0.000000,0.000000,0.000000,0.000000,0.000000,0.000000,0.000000,0.000000,0.000000,0.000000,0.000000,0.000000,0.000000,0.000000,0.000000
0.000000,0.000000,0.000000,0.000000,0.000000,0.000000,0.000000,0.000000,0.000000,0.000000,0.000000,0.000000,0.000000,0.000000,0.000000,0.000000,0.000000,0.000000,0.000000,0.000000,0.000000,0.000000,0.000000,0.000000,0.000000,0.000000,0.000000,0.000000,0.000000,0.000000,0.000000,0.000000,0.000000,0.000000,0.000000,0.000000,0.000000,0.000000,0.000000,0.000000,0.000000
0.000000,0.000000,0.000000,0.000000,0.000000,0.000000,0.000000,0.000000,0.000000,0.000000,0.000000,0.000000,0.000000,0.000000,0.000000,0.000000,0.000000,0.000000,0.000000,0.000000,0.000000,0.000000,0.000000,0.000000,0.000000,0.000000,0.000000,0.000000,0.000000,0.000000,0.000000,0.000000,0.000000,0.000000,0.000000,0.000000,0.000000,0.000000,0.000000,0.000000,0.000000
-704.871094,-704.660645,-678.445251,-645.657104,-641.483582,-520.878418,108.902695,93.336670,125.947571,128.176239,32.586670,-71.360672,-104.253586,-495.677246,-625.300720,-455.958618,160.520096,58.560349,3.700966,-37.194733,-34.135906,40.505386,-467.980591,-641.850281,-622.531128,-619.545105,-604.176086,-591.594482,-487.808655,-39.598320,-37.268593,-45.359756,14.861732,9.180763,-19.273193,291.131409,200.993332,202.427795,-613.684875,-612.878601,-617.844910
-547.780884,-564.687927,-565.538513,-556.706543,-553.538452,-550.036377,154.782715,182.627823,167.325348,176.003006,84.989899,-517.266724,-466.936554,-516.377380,-572.991943,-563.388306,159.808716,77.891296,-491.517426,-505.044373,-505.890778,-435.709290,-539.534058,-574.240845,-562.670410,-556.824402,-544.852112,-546.560791,-544.862427,-480.435242,-494.820435,-504.924316,-511.650696,-484.190002,-500.936981,-88.396286,-195.946442,-263.160706,-549.018860,-556.047913,-559.695312
2561.017822,2515.992676,2521.030029,2479.768555,2478.187744,2458.913574,2621.577393,2617.442383,2591.817383,2618.791748,2830.020020,2526.295166,2474.001709,2495.030518,2445.695068,2436.275391,2679.714355,2859.450684,2512.616699,2501.648438,2560.552490,2643.300293,2411.730957,2516.543945,2489.256592,2488.877686,2485.884521,2475.655273,2455.891357,2554.729004,2504.812500,2514.844971,2563.555908,2545.794922,2611.504150,2743.371826,2662.401123,2679.413086,2515.004639,2509.581543,2506.955566
-439.926941,-456.204865,-448.747467,-445.793854,-559.670227,-262.927185,-194.062286,-182.274628,-173.824982,-174.065369,-194.095566,-209.192902,-237.653809,-484.498688,-384.314453,-162.926331,-144.563873,-129.793716,-111.844315,-125.651382,-146.142548,-100.755829,-334.334625,-389.514252,-372.111115,-362.524445,-345.393799,-318.389740,-234.526199,-188.313370,-154.655685,-131.373230,-119.325256,-125.154022,-125.420044,-136.394775,-118.684212,-82.447006,-393.262726,-385.206451,-381.886353
-574.298828,-581.200928,-584.254333,-582.517700,-580.180176,-536.472351,-584.817627,-597.587402,-610.921387,-640.894104,-641.718689,-637.033813,-572.224426,-542.194336,-573.984802,-526.493835,-599.506287,-608.238159,-624.587158,-637.805115,-629.997803,-517.440125,-575.443848,-576.981812,-573.201172,-572.559753,-566.222717,-564.608765,-543.593140,-609.257812,-634.929993,-637.813477,-651.517822,-645.935303,-628.427063,-631.766235,-588.149292,-549.806763,-559.837280,-567.178040,-570.972778
2526.732910,2517.380615,2545.465576,2549.102539,2644.997314,2568.810547,2505.984619,2516.724609,2511.782959,2496.457275,2490.694092,2485.387939,2542.972168,2414.251221,2503.946777,2609.286621,2533.680908,2514.172119,2475.124756,2457.206543,2515.245605,2670.404053,2648.756104,2538.653809,2558.860840,2563.740723,2592.742432,2623.739258,2587.326172,2592.660400,2542.445557,2546.827637,2544.841553,2538.691650,2542.752441,2569.547119,2606.290283,2585.931396,2579.811768,2587.304932,2586.619141
-760.402832,-750.423096,-737.842957,-717.612488,-707.595032,-661.496704,204.007721,215.389191,217.637985,400.249390,322.383453,-112.346672,-131.653320,-528.005249,-664.141724,-624.534790,293.280640,214.276459,-57.468224,-108.895889,-84.950455,-84.619057,-691.753906,-739.525452,-703.535400,-704.213196,-701.197693,-697.544434,-666.295288,-47.926598,-84.312744,-104.348969,-73.501823,-91.696945,-96.827560,150.034607,145.480591,108.259621,-665.509094,-670.233521,-675.492615
-890.696533,-917.991333,-919.154785,-918.458984,-926.128479,-907.202881,40.772865,118.122894,167.065765,410.262695,285.065643,-894.114502,-836.473145,-892.731445,-898.680786,-911.337585,67.084305,-93.288223,-870.578857,-888.072632,-890.038818,-759.135742,-856.186340,-943.320923,-920.779053,-926.710693,-917.994202,-918.148926,-891.365051,-829.446533,-852.220825,-866.841553,-866.583252,-848.344727,-868.271484,-74.415436,-319.542542,-434.064789,-900.981934,-902.372864,-901.793091
2573.461182,2524.664551,2489.874756,2494.086426,2514.377441,2528.774414,2425.170898,2477.739014,2526.894531,2586.868896,2656.793213,2424.678711,2344.726807,2481.147217,2449.215088,2466.243164,2463.236328,2542.480469,2431.433105,2455.083496,2498.357666,2459.563477,2412.854248,2533.295898,2498.848389,2505.399658,2503.913818,2515.885254,2478.464600,2375.447754,2349.661621,2375.001465,2421.306885,2439.799561,2497.177246,2563.559570,2394.924561,2412.069580,2495.423584,2496.239990,2495.045166
-313.106537,-329.235229,-333.211975,-314.144165,-627.923828,-271.048676,-240.926743,-243.426147,-248.986633,-253.488586,-261.671967,-250.082291,-265.045441,-521.443115,-321.401154,-333.345978,-167.300278,-169.524734,-172.795502,-184.027390,-196.822525,-228.851669,-317.300812,-368.465790,-349.285400,-336.469086,-328.915070,-326.728333,-257.533875,-195.529800,-209.419769,-190.272629,-180.787079,-178.491425,-197.881851,-193.055206,-210.533905,-232.404282,-371.314789,-357.386505,-352.018555
-889.674927,-891.728027,-901.811646,-897.517212,-964.843018,-922.009033,-955.411377,-963.403625,-972.386780,-997.789307,-1002.802124,-1012.993286,-941.651733,-921.053467,-912.537842,-849.604858,-959.498413,-971.680298,-1002.297607,-1022.121460,-1013.128540,-848.547119,-901.671509,-870.512756,-871.662720,-871.551147,-872.876526,-885.538757,-929.100220,-911.675171,-982.539185,-984.774597,-1001.698608,-1003.467529,-996.372070,-994.433350,-937.806396,-894.954224,-881.791870,-878.964111,-875.977417
2526.648438,2554.623291,2549.839844,2517.163086,2682.359619,2538.445801,2391.217529,2392.296143,2381.492432,2354.335449,2353.092041,2384.010986,2413.735596,2483.038574,2485.714844,2481.952637,2405.425293,2386.419189,2394.230469,2406.100098,2453.215576,2482.303955,2547.950439,2480.325684,2502.865234,2501.618896,2506.000732,2510.430420,2562.370361,2437.313721,2403.030762,2390.580322,2383.911133,2387.704590,2428.601807,2431.751953,2454.697510,2488.789551,2513.917725,2517.070557,2512.936523
0.000000,0.000000,0.000000,0.000000,0.000000,0.000000,0.000000,0.000000,0.000000,0.000000,0.000000,0.000000,0.000000,0.000000,0.000000,0.000000,0.000000,0.000000,0.000000,0.000000,0.000000,0.000000,0.000000,0.000000,0.000000,0.000000,0.000000,0.000000,0.000000,0.000000,0.000000,0.000000,0.000000,0.000000,0.000000,0.000000,0.000000,0.000000,0.000000,0.000000,0.000000
0.000000,0.000000,0.000000,0.000000,0.000000,0.000000,0.000000,0.000000,0.000000,0.000000,0.000000,0.000000,0.000000,0.000000,0.000000,0.000000,0.000000,0.000000,0.000000,0.000000,0.000000,0.000000,0.000000,0.000000,0.000000,0.000000,0.000000,0.000000,0.000000,0.000000,0.000000,0.000000,0.000000,0.000000,0.000000,0.000000,0.000000,0.000000,0.000000,0.000000,0.000000
0.000000,0.000000,0.000000,0.000000,0.000000,0.000000,0.000000,0.000000,0.000000,0.000000,0.000000,0.000000,0.000000,0.000000,0.000000,0.000000,0.000000,0.000000,0.000000,0.000000,0.000000,0.000000,0.000000,0.000000,0.000000,0.000000,0.000000,0.000000,0.000000,0.000000,0.000000,0.000000,0.000000,0.000000,0.000000,0.000000,0.000000,0.000000,0.000000,0.000000,0.000000
0.000000,0.000000,0.000000,0.000000,0.000000,0.000000,0.000000,0.000000,0.000000,0.000000,0.000000,0.000000,0.000000,0.000000,0.000000,0.000000,0.000000,0.000000,0.000000,0.000000,0.000000,0.000000,0.000000,0.000000,0.000000,0.000000,0.000000,0.000000,0.000000,0.000000,0.000000,0.000000,0.000000,0.000000,0.000000,0.000000,0.000000,0.000000,0.000000,0.000000,0.000000
0.000000,0.000000,0.000000,0.000000,0.000000,0.000000,0.000000,0.000000,0.000000,0.000000,0.000000,0.000000,0.000000,0.000000,0.000000,0.000000,0.000000,0.000000,0.000000,0.000000,0.000000,0.000000,0.000000,0.000000,0.000000,0.000000,0.000000,0.000000,0.000000,0.000000,0.000000,0.000000,0.000000,0.000000,0.000000,0.000000,0.000000,0.000000,0.000000,0.000000,0.000000
0.000000,0.000000,0.000000,0.000000,0.000000,0.000000,0.000000,0.000000,0.000000,0.000000,0.000000,0.000000,0.000000,0.000000,0.000000,0.000000,0.000000,0.000000,0.000000,0.000000,0.000000,0.000000,0.000000,0.000000,0.000000,0.000000,0.000000,0.000000,0.000000,0.000000,0.000000,0.000000,0.000000,0.000000,0.000000,0.000000,0.000000,0.000000,0.000000,0.000000,0.000000
-552.915344,-558.174683,-546.896851,-554.269104,-555.021423,-535.274048,-480.632629,-476.408600,-472.537903,-462.572968,-469.579224,-468.648376,-461.343201,-510.976410,-515.283020,-487.073486,-465.796265,-459.632996,-449.214050,-446.098999,-449.166992,-451.770020,-420.611053,-523.609436,-534.208862,-532.614990,-531.248779,-525.564514,-509.519379,-473.453918,-453.691681,-451.567902,-440.842010,-435.517853,-434.586060,-434.185913,-443.779175,-429.451172,-518.216919,-515.937073,-514.638733
226.568832,224.823959,228.827942,230.453827,228.611908,208.957672,180.609009,165.668945,148.470291,111.336128,101.529831,103.589806,210.997742,234.272552,232.225098,196.045990,148.400726,127.086571,75.437981,43.970482,88.828064,197.101105,236.994690,233.144119,234.804459,234.577225,237.450836,231.855042,207.308578,157.361877,113.887863,94.338531,59.843086,48.888748,43.386070,50.991364,155.077332,187.318436,241.113525,239.400833,238.284729
2657.224121,2627.783691,2625.781494,2609.654297,2609.213379,2628.179443,2615.752197,2613.603516,2616.353760,2613.561768,2622.686523,2626.034180,2647.475586,2555.018066,2571.096436,2614.632324,2648.738770,2651.381836,2652.758789,2637.964600,2649.474365,2666.507568,2645.290283,2585.526611,2595.603027,2593.360107,2597.864746,2596.807861,2634.880127,2666.151855,2662.839844,2667.033203,2669.110352,2663.398193,2668.598145,2666.216309,2689.086670,2692.950195,2633.602783,2634.139648,2633.499023
179.349274,179.554108,180.257599,180.553589,180.586105,180.752518,181.122253,181.158249,181.189911,181.289764,181.353699,181.457870,181.654068,182.829163,183.160538,183.757263,184.122910,184.159058,184.255524,184.353790,184.521957,184.661758,185.096848,186.057709,186.296661,186.331711,186.363617,186.395828,186.525604,186.860092,186.929962,186.957748,187.028305,187.098434,187.195862,187.229996,187.398087,187.460281,189.131561,189.164169,189.197769
