19,50
4.000000,0.000000,4.000000,-1.000000,2.000000,0.000000,7.000000,0.000000,7.000000,0.000000,4.000000,7.000000,4.000000,7.000000,2.000000,7.000000,0.000000,4.000000,7.000000,2.000000,0.000000,7.000000,0.000000,7.000000,0.000000,7.000000,0.000000,4.000000,7.000000,2.000000,0.000000,7.000000,0.000000,4.000000,6.000000,4.000000,6.000000,4.000000,6.000000,4.000000,0.000000,4.000000,2.000000,0.000000,2.000000,0.000000,7.000000,5.000000,7.000000,5.000000
38.512768,28.959616,31.493496,54.959080,61.443745,54.099895,37.316727,23.436129,18.609787,13.890829,16.407265,21.055283,27.898569,35.870487,48.140770,49.918972,19.567564,29.428768,50.425529,59.450798,53.882504,38.075657,26.866253,22.194773,16.824759,17.016701,14.592217,20.864880,28.327070,60.936790,57.797901,48.343075,32.983879,37.381939,47.731453,40.957653,45.845673,39.248440,33.615128,29.349039,25.622889,32.117020,47.367676,54.566277,81.395744,53.941284,23.845270,19.978882,15.527761,15.403598
6.606933,5.719608,9.241162,11.673338,14.582116,10.524558,10.512079,11.606716,11.005320,10.742116,10.323691,9.991940,10.353833,11.241883,11.351090,9.885866,9.110395,9.609221,13.561046,13.966249,9.773765,9.755179,10.793060,11.559416,11.410262,10.791091,8.631581,9.080907,10.053556,11.762778,10.099464,9.496183,9.359227,10.056979,9.752760,9.907326,10.085979,10.089527,11.047210,10.911849,10.512417,8.919736,12.735148,13.867281,14.686577,9.550799,6.563157,7.055356,13.312897,14.315094
-51.767097,61.169270,-59.697601,-48.844589,-40.239025,44.159241,60.193501,73.359329,75.888901,76.149773,-75.356659,-72.795265,-67.752922,-58.446579,-44.654587,48.563473,-72.900711,-61.793064,-41.575199,-30.881870,46.686840,60.367378,69.655869,73.435951,77.052666,74.626335,-75.420181,-69.439064,-62.117020,29.389675,41.359215,49.344486,63.165356,-52.849060,-43.515034,-49.201267,-44.510433,-50.754826,56.471615,60.848610,64.571800,-57.886528,-42.846447,35.438141,22.217960,43.375809,66.260414,70.414154,76.613060,77.228653
83.803940,84.749313,85.379845,87.231430,89.286324,84.649994,80.716522,78.466225,79.043877,-79.274048,79.921761,81.457085,83.538353,85.226120,87.160362,81.857170,81.160698,81.678314,85.793327,86.944054,81.444283,80.503647,79.210365,-78.452766,-78.606560,79.291214,-81.370781,82.005135,84.030609,89.677040,82.118721,82.270866,81.484421,79.955643,80.251633,-80.092682,-79.928741,-79.935608,-78.990517,-79.107445,-79.491943,81.429016,88.381393,90.970268,92.719315,84.537109,86.949081,88.315323,76.729401,75.758911
30.122009,34.022537,34.424355,32.637794,31.490026,26.397102,25.281296,24.256266,23.618746,30.974958,36.934364,35.829395,36.286686,37.044960,37.983227,26.708799,25.867607,35.517941,28.336046,27.330759,25.438025,26.149548,26.667542,26.233368,25.765497,26.399698,32.045139,34.219410,33.723309,33.579578,26.596460,26.669907,27.091005,27.785711,30.482792,32.560150,34.715816,36.333324,37.310005,37.869106,37.180847,34.338837,27.026955,25.676914,25.665264,27.119108,38.863811,38.739262,32.037254,30.965609
12.709330,17.328735,15.629009,12.211010,9.865237,7.385038,8.831465,10.288166,9.867868,9.302588,11.065979,7.900329,3.355905,1.090022,5.322996,5.759255,9.077250,11.484941,7.509951,5.413089,7.213003,6.930926,7.627045,7.943197,8.161159,6.289181,10.933962,8.367269,5.458010,2.594048,4.238452,4.833713,6.420648,8.792787,10.477675,11.147140,11.311514,11.417872,11.270472,11.396185,11.884813,11.851320,9.686391,8.074505,6.201216,6.373415,17.158751,14.006393,4.772534,2.590801
62.620922,60.028259,59.022274,62.151608,66.434830,72.637108,69.807373,68.681305,70.477310,61.888241,54.315304,56.751026,58.552929,60.977825,63.683647,69.423256,70.719284,55.904572,67.816841,70.523598,72.196274,70.273766,69.011604,68.671852,69.004181,69.588127,62.140774,58.631401,61.775238,72.951584,73.274292,72.506889,70.873703,65.934845,63.461063,60.891792,57.991653,55.392841,53.994469,53.268475,53.994099,57.781227,74.307877,79.097618,80.113792,77.115417,57.724770,57.159382,60.418037,61.124973
-102.390991,-100.277145,-104.573807,-102.106003,99.788452,97.324188,98.363968,99.955635,99.562088,-97.762596,-100.256477,-97.688736,93.355743,89.151146,84.684021,94.670822,-97.989555,-100.762711,97.214951,94.927269,-97.208038,96.924110,-97.623215,97.937042,-98.161110,-96.171410,-96.731689,-97.910049,-95.194771,-89.862610,-94.221558,-94.794815,-96.369415,-97.471970,-97.663826,-96.797287,-96.190384,-96.150337,-95.905418,-96.541939,-97.615532,-99.343132,-99.466362,-97.985878,-96.134148,-95.802841,-94.426529,-93.537697,-92.348503,-91.625702
104.462814,68.816040,79.427940,108.408257,79.475220,25.002283,23.362932,19.965324,19.185854,52.785778,71.706261,83.135139,86.037033,77.709953,64.437798,51.905506,53.798954,64.135834,60.843113,49.514126,25.567774,24.632881,21.501320,19.827030,17.400446,40.010159,55.700207,66.519745,71.532486,43.697235,28.154736,28.403038,20.775745,93.353592,112.964615,98.388329,108.106461,94.051643,82.041641,71.761444,62.936703,77.209999,69.690453,56.018841,17.260752,23.850304,27.465199,20.758224,7.524439,6.685041
24.027311,60.637852,31.841888,-19.297525,-17.609076,-66.292938,-67.611534,-71.369263,-71.862961,37.231285,18.351976,-9.123801,-14.322137,-26.584373,-38.731506,-67.808769,38.500401,35.953411,-29.912220,-42.197636,-65.684639,-66.019943,-68.504257,70.268341,73.534035,-49.994183,34.299980,23.811270,-19.300251,-52.377762,-62.125862,-61.875134,69.474228,28.962204,48.260834,47.107452,53.106319,53.152184,55.171776,57.242344,59.632511,47.121502,20.337442,-34.797844,-72.966026,66.150558,70.260399,74.066147,83.474686,84.060043
139.889740,139.032211,136.865204,135.585571,135.462189,137.065231,137.956573,137.682632,138.085968,139.560013,136.957596,137.341583,137.808716,137.251740,136.938690,137.613342,136.446884,136.963074,134.951279,133.818695,134.966431,134.808105,134.593033,135.103363,134.675232,134.858185,135.740448,132.478348,131.473755,131.852432,130.240524,129.837143,130.468628,133.472626,133.933853,134.530594,134.971115,134.933990,134.975937,134.324844,133.897339,132.066742,127.850708,126.501541,125.650291,128.238342,45.540154,28.044897,20.342180,22.075451
65.338257,64.575294,65.349541,64.112267,64.417068,67.025108,66.999756,67.163567,66.923904,63.572506,63.693966,63.996067,64.291733,64.952812,66.063667,66.580811,66.105423,64.659531,65.063881,64.974022,65.927856,65.467583,65.492126,65.804161,65.861763,65.091637,64.456215,65.288689,65.616493,68.953133,66.004745,66.017807,66.236794,64.293610,64.392418,64.501656,64.150284,64.318947,64.410912,64.100357,64.111717,63.200069,65.675789,66.425461,66.871109,66.767632,65.245193,73.542747,75.090851,72.982346
32.803036,25.732841,35.233681,33.286453,32.736912,20.380125,22.139082,20.667963,19.692955,22.396393,36.813793,34.826534,35.202854,36.032650,36.703800,26.984100,16.050079,35.593391,30.080385,27.805214,21.124290,20.689365,20.142252,20.003735,19.329792,17.464033,21.789379,28.579226,26.238020,23.693544,20.336451,19.310490,19.660387,18.980104,20.988384,22.064989,23.830828,27.656698,28.190527,28.652704,28.205877,26.365728,19.178787,16.676535,17.060802,18.309084,22.303251,23.918674,22.147779,20.032318
-57.978512,-65.406998,-55.448643,-56.814487,57.584587,69.991699,67.861084,-70.087555,-71.358330,-69.172867,-56.871029,-57.168953,-55.288239,-53.971241,53.614445,63.018440,-73.978706,-56.675449,-59.974094,62.197048,-68.876167,-69.326843,-69.867653,-70.059952,-70.850418,-72.679420,-69.348564,-62.635101,-63.962685,67.113770,69.751289,70.760559,70.438210,-72.182632,-69.948006,-68.781395,-67.202766,-64.845726,-64.243866,-63.782269,-64.405052,-65.627724,70.865463,73.689796,73.182373,72.490776,-68.182770,-66.353905,-69.159462,-71.345375
12.613555,14.512477,10.123837,12.776692,14.598100,13.215479,12.545047,10.290251,13.266262,14.270510,12.940476,15.061802,20.675045,24.678209,30.014389,20.341856,17.585590,11.701121,15.466666,19.001736,14.570921,15.680152,12.905798,12.501751,14.615326,18.989742,16.070866,18.054367,21.438318,24.380356,18.554348,17.835173,15.011940,16.112474,14.285672,14.302865,13.361396,12.416033,12.503061,12.369663,11.490857,13.371574,18.354504,19.449909,19.532528,20.422575,12.572783,14.795745,13.432514,12.352977
77.795265,75.577026,80.040771,77.469238,75.406464,-76.817009,77.515610,79.828751,77.436256,77.181496,78.537125,75.986565,70.426132,66.176888,60.563637,70.050575,72.683434,79.335335,74.720383,71.044182,-75.463737,74.527176,77.187675,77.741364,76.018967,72.152176,75.518562,75.666077,70.927299,65.789711,-71.468178,72.165024,74.989014,75.704315,77.020714,76.674545,77.781921,79.177200,79.256683,79.726654,80.721458,79.065186,71.765320,-70.561790,-70.536003,-69.615143,-77.751389,-75.219193,-76.568260,77.675186
55.286758,68.323708,55.882790,48.080021,38.486164,36.922455,41.307655,45.178440,44.716156,60.702930,59.280052,51.858181,43.854031,35.559944,28.633942,37.284462,53.500317,58.108047,36.780273,33.333424,38.702442,42.242378,44.615845,45.884090,47.407940,49.969055,63.613949,59.305790,51.288418,30.832228,35.279392,37.224503,40.494377,60.084438,62.353191,65.278481,67.923965,70.281670,72.207481,72.394478,71.789635,66.446548,41.600330,34.856983,30.529346,35.955887,60.487309,59.031578,56.895332,55.475185
136.560209,136.923270,137.224161,137.261258,137.291361,137.957436,138.020562,138.125288,138.267319,138.556785,138.854923,138.893205,138.922312,138.957071,138.993377,139.792642,140.328580,140.765802,140.863316,140.895983,141.534335,141.595411,141.663297,141.694842,141.763789,141.992279,142.161232,142.458778,142.496592,142.592997,143.368251,143.397070,143.463885,143.897546,143.925150,143.966778,143.998247,144.030642,144.067230,144.099199,144.131035,144.199663,144.293075,144.339293,144.367741,145.195693,146.034024,146.106551,146.365866,146.404176
