62,41
-1.000000,0.000000,7.000000,0.000000,-1.000000,1.000000,-1.000000,0.000000,7.000000,0.000000,-1.000000,1.000000,-1.000000,0.000000,-1.000000,1.000000,-1.000000,0.000000,-1.000000,1.000000,-1.000000,0.000000,7.000000,0.000000,-1.000000,1.000000,-1.000000,0.000000,7.000000,0.000000,-1.000000,1.000000,-1.000000,0.000000,7.000000,0.000000,-1.000000,1.000000,-1.000000,0.000000,7.000000
-469.926788,-495.923462,-629.108337,-534.047791,-408.391632,-380.449158,-405.341492,-490.617554,-594.988953,-572.543884,-470.783142,-399.219269,-406.724304,-485.538635,-434.576172,-398.861908,-414.460876,-467.773834,-439.133514,-398.890198,-377.386200,-424.084534,-617.926147,-596.184387,-455.697754,-419.285065,-423.916016,-469.178650,-592.488342,-594.244873,-468.716797,-376.486298,-356.397369,-381.014740,-448.880249,-508.824738,-471.753387,-387.445374,-443.283325,-480.725800,-634.051575
337.298828,338.257446,340.413147,333.952332,330.216980,325.429047,326.773804,337.011780,336.521759,334.932800,338.397247,326.927094,324.652435,337.090454,344.404968,342.933075,336.334198,341.913116,336.034912,322.159180,314.039795,321.194580,344.029083,339.197021,330.453857,319.134064,320.733704,330.836884,335.699219,343.899139,342.667664,329.404236,334.571350,341.597473,331.751953,327.830170,340.687469,325.126404,317.776672,325.891479,324.368835
2493.395752,2491.714111,2566.522217,2495.790527,2501.154785,2517.121338,2504.169922,2489.505859,2522.131104,2509.353760,2473.903320,2491.885986,2492.053467,2482.404785,2477.306641,2484.520020,2467.611572,2460.859375,2471.297119,2482.024170,2509.203369,2489.972412,2542.633789,2531.641113,2486.798584,2493.820312,2493.147217,2488.517578,2516.319580,2520.968018,2470.553467,2495.985596,2496.170654,2487.320068,2493.512939,2489.389893,2472.981445,2490.448975,2474.264160,2471.534424,2545.484619
-481.136627,-437.387512,-328.794373,-386.603394,-544.267761,-576.344421,-589.756531,-461.981689,-356.906494,-367.456665,-470.869934,-549.770813,-544.018127,-425.397217,-504.020538,-542.368958,-536.227417,-469.037323,-520.660339,-564.903992,-601.000061,-530.919617,-345.782654,-349.380798,-487.595581,-537.892944,-505.977417,-446.138245,-346.971252,-349.218018,-470.348083,-574.161499,-605.930176,-582.016846,-515.846008,-438.088501,-466.326752,-558.908386,-497.256104,-446.877960,-342.333282
301.527649,296.420776,299.141968,287.265503,293.469086,302.296906,307.571167,291.602051,294.843597,291.130951,282.515991,290.562592,297.747742,283.619629,296.727844,302.810974,305.662781,292.632263,292.203156,298.711395,309.121826,294.288879,291.395721,293.405243,297.120605,302.051819,302.127533,294.674622,285.177734,287.012543,285.598480,303.134521,310.791321,300.279724,306.700378,296.287506,290.889679,306.617004,298.807190,291.705963,297.516205
2807.726807,2802.280518,2725.243896,2794.724609,2794.595703,2777.410889,2783.733887,2799.837402,2764.330322,2778.263916,2798.723145,2771.705811,2795.068604,2791.472656,2788.924316,2771.134766,2762.229248,2770.076660,2778.933350,2755.220947,2754.245850,2796.260498,2743.291016,2764.178223,2798.030029,2785.335938,2798.427979,2798.437988,2748.524170,2753.252686,2797.596924,2740.739014,2714.440186,2748.327881,2817.799561,2793.701416,2795.309570,2756.648682,2787.035645,2785.456787,2722.102295
-440.867828,-444.284882,-464.823242,-450.606842,-446.772736,-447.191406,-462.541382,-464.517639,-470.853912,-467.082062,-452.100800,-446.680817,-437.215912,-439.529419,-446.988434,-444.201080,-441.726410,-444.407227,-452.112396,-449.940826,-451.793457,-452.787811,-467.977142,-459.847656,-447.250610,-447.416534,-433.401672,-434.434998,-453.868896,-459.781586,-448.957336,-444.182709,-441.880615,-447.091125,-462.057281,-463.162811,-452.118469,-445.875946,-433.972809,-438.707184,-484.869873
526.961243,526.953430,534.369263,523.807129,517.735962,519.528076,523.798706,524.186646,529.838501,526.885010,518.444824,513.684204,516.366272,518.228882,529.129272,528.981873,525.909241,526.533569,521.935791,519.002625,517.143066,517.513550,532.037170,532.282776,522.729370,518.310852,519.059326,521.721619,525.591797,528.113220,522.612305,518.537781,516.412354,521.301880,532.906738,529.023499,527.456665,523.940552,518.003662,520.318787,527.827209
2686.834229,2683.123291,2679.182373,2680.415039,2695.306885,2696.891113,2689.263672,2683.918457,2678.618652,2680.620361,2679.801270,2683.393799,2689.087158,2679.610352,2678.150635,2678.144775,2658.826904,2655.281494,2670.345459,2663.204590,2681.548828,2679.567383,2681.648193,2679.048340,2678.664062,2677.245850,2677.768799,2676.223633,2666.533691,2679.507080,2678.669678,2674.227539,2682.112549,2682.663330,2681.552490,2663.442627,2674.991943,2665.141113,2660.610107,2658.507568,2660.478760
-504.309265,-482.107178,-491.201111,-468.676727,-497.766357,-503.275024,-522.510864,-483.808258,-477.570526,-469.167450,-481.936768,-495.150330,-504.111450,-466.005493,-484.978149,-491.096802,-502.065277,-484.929230,-496.447021,-503.743286,-521.825989,-499.207153,-495.133820,-482.716736,-488.590820,-502.820984,-490.701050,-472.816589,-482.136780,-481.739807,-484.626770,-501.400452,-512.049072,-509.728638,-503.768921,-481.418823,-480.320770,-495.221863,-505.262512,-488.478058,-490.796692
98.704781,95.708359,98.255417,88.359512,91.636169,94.117569,96.379028,92.475327,94.166946,91.542770,89.517151,88.865829,91.074417,89.306335,99.853729,103.229675,101.212158,96.898605,93.381874,89.558464,91.754364,86.216644,97.178116,94.469147,91.650543,88.817307,89.337395,90.429939,89.049156,95.390388,93.519684,97.867188,107.677841,104.890762,96.303757,89.485413,94.296967,94.622711,87.461372,86.977257,88.407692
2624.418213,2620.053711,2611.459961,2614.666260,2610.372559,2609.013672,2612.319824,2612.904541,2606.707031,2607.096191,2598.300293,2592.107910,2610.994141,2600.746338,2595.852539,2586.825684,2580.995361,2580.278809,2589.278809,2586.390137,2597.533691,2616.085938,2603.125488,2614.769531,2616.886719,2616.723389,2625.328613,2618.663086,2597.371826,2593.773682,2595.502930,2573.860107,2546.572266,2561.896729,2634.014893,2620.326172,2600.116455,2593.965576,2611.218262,2607.000244,2604.261230
-536.381348,-480.220062,-412.598206,-432.289459,-560.651855,-587.295288,-604.113831,-482.799072,-407.168274,-406.088776,-493.073242,-561.746338,-574.491272,-459.012726,-521.664856,-554.627930,-566.774658,-501.831726,-536.812073,-576.028503,-624.144714,-553.427734,-426.094452,-417.994049,-515.138916,-562.772705,-542.307190,-481.296570,-420.235321,-417.616699,-500.220093,-587.665955,-620.484009,-600.302063,-546.028381,-468.667145,-489.970734,-569.732056,-556.433899,-503.153625,-405.199066
-132.516693,-138.314758,-135.752304,-148.055878,-139.780594,-132.611588,-130.312317,-142.863525,-139.957336,-143.240601,-148.317841,-142.109802,-137.211136,-147.328323,-135.281311,-128.448639,-128.142929,-138.252380,-140.159027,-138.442352,-129.604706,-143.497284,-139.276855,-141.214630,-140.522278,-138.102783,-138.617310,-142.377335,-147.631027,-141.885773,-144.550598,-128.533722,-114.715981,-123.975861,-134.419891,-142.324722,-142.159332,-132.289886,-139.055359,-144.944595,-142.246124
2690.655762,2685.102295,2625.054199,2674.779297,2662.383789,2649.344238,2666.552979,2673.446533,2643.453857,2652.000244,2658.495605,2637.806885,2670.328125,2654.642578,2652.854004,2631.803711,2638.984131,2637.808594,2643.306396,2637.161621,2639.706543,2682.274902,2623.983887,2651.970703,2685.066162,2681.660889,2701.042236,2683.677246,2632.601074,2620.713379,2656.969971,2603.881348,2555.672852,2586.946777,2713.358643,2688.218994,2662.949707,2645.835693,2685.541260,2678.255615,2628.129883
-529.792297,-514.897705,-594.303528,-521.766296,-477.754150,-469.011169,-490.831635,-499.834717,-551.218384,-530.580444,-493.020752,-469.864868,-491.212097,-494.073395,-479.650970,-468.528442,-490.798157,-501.074036,-489.182220,-475.150452,-484.773010,-488.396729,-590.731995,-567.307678,-495.931030,-491.333221,-490.603577,-494.652893,-568.852173,-565.879639,-499.222107,-467.288055,-465.384735,-475.580872,-504.321075,-510.094879,-493.232208,-464.801605,-524.076721,-523.154846,-581.602844
-111.490685,-113.530060,-110.781143,-119.723915,-117.360794,-118.644089,-118.516541,-115.848999,-114.740242,-116.652077,-114.526802,-119.916573,-120.891373,-116.156418,-106.436584,-104.376709,-109.005417,-108.698586,-114.551521,-124.194351,-126.539490,-127.119637,-107.435478,-113.511055,-120.450012,-127.813873,-126.894325,-121.414429,-117.049286,-107.464340,-109.636810,-112.536285,-99.935295,-98.338287,-118.817413,-123.851303,-112.229950,-120.962677,-127.682999,-124.743835,-126.008171
2505.894531,2501.117920,2529.019531,2493.370605,2483.355957,2492.178223,2494.822510,2488.828369,2496.912842,2488.766846,2462.079102,2467.032959,2486.526367,2474.465332,2464.325195,2459.844238,2455.156494,2452.370605,2463.578369,2471.153809,2486.979004,2495.835938,2502.593262,2511.288086,2497.652100,2506.076416,2508.697021,2504.019531,2492.042480,2480.160645,2456.891357,2454.834473,2420.005371,2424.992188,2511.388428,2509.994385,2469.224609,2482.928955,2498.031982,2492.754150,2521.328125
0.000000,0.000000,0.000000,0.000000,0.000000,0.000000,0.000000,0.000000,0.000000,0.000000,0.000000,0.000000,0.000000,0.000000,0.000000,0.000000,0.000000,0.000000,0.000000,0.000000,0.000000,0.000000,0.000000,0.000000,0.000000,0.000000,0.000000,0.000000,0.000000,0.000000,0.000000,0.000000,0.000000,0.000000,0.000000,0.000000,0.000000,0.000000,0.000000,0.000000,0.000000
0.000000,0.000000,0.000000,0.000000,0.000000,0.000000,0.000000,0.000000,0.000000,0.000000,0.000000,0.000000,0.000000,0.000000,0.000000,0.000000,0.000000,0.000000,0.000000,0.000000,0.000000,0.000000,0.000000,0.000000,0.000000,0.000000,0.000000,0.000000,0.000000,0.000000,0.000000,0.000000,0.000000,0.000000,0.000000,0.000000,0.000000,0.000000,0.000000,0.000000,0.000000
0.000000,0.000000,0.000000,0.000000,0.000000,0.000000,0.000000,0.000000,0.000000,0.000000,0.000000,0.000000,0.000000,0.000000,0.000000,0.000000,0.000000,0.000000,0.000000,0.000000,0.000000,0.000000,0.000000,0.000000,0.000000,0.000000,0.000000,0.000000,0.000000,0.000000,0.000000,0.000000,0.000000,0.000000,0.000000,0.000000,0.000000,0.000000,0.000000,0.000000,0.000000
-229.896271,-286.973450,-597.981140,-492.272034,-259.812195,-200.869751,-205.383896,-307.876526,-547.248413,-487.087341,-300.300781,-192.493744,-178.989044,-285.002991,-230.247650,-184.065002,-226.677994,-277.184692,-252.956299,-200.887070,-215.290436,-302.221680,-590.577515,-557.167175,-285.775909,-227.763306,-220.973221,-267.787384,-565.604919,-552.181641,-278.933472,-177.584747,-201.521469,-295.180481,-534.036926,-524.233826,-281.588989,-189.425919,-242.234879,-279.780640,-618.585144
225.922668,191.879089,66.497284,95.901123,189.362366,216.193726,197.336105,143.323151,63.387299,89.796600,192.274948,266.313599,215.518585,156.504776,211.627060,240.047745,183.917587,159.729584,189.927704,214.946014,183.700699,149.326736,47.795319,63.739655,189.462662,225.956512,177.251328,152.966278,56.271942,72.609436,217.377808,282.396729,143.023026,154.832291,61.983032,79.764313,202.831711,271.008636,208.810791,181.927917,34.650024
2415.552002,2420.491455,2471.286865,2423.299561,2405.749756,2422.923828,2452.893066,2445.089844,2438.160400,2429.364258,2404.565918,2434.008789,2435.762695,2431.075439,2401.773926,2419.833008,2401.979736,2399.015381,2407.516113,2422.579346,2429.522461,2439.932861,2452.163574,2450.711670,2420.023193,2442.228271,2436.932861,2430.686768,2443.989502,2441.868652,2405.973145,2450.879150,2336.397949,2388.170410,2442.346680,2433.098145,2410.531494,2445.495361,2418.511475,2409.573975,2500.447754
-466.236328,-425.470612,-248.985428,-296.255524,-425.423279,-485.073212,-586.191406,-431.972168,-273.315308,-292.801971,-417.957153,-520.477173,-542.692566,-425.168274,-379.620087,-359.413452,-527.588196,-462.157745,-520.620911,-564.872620,-600.999573,-530.919678,-246.981400,-267.454010,-339.790405,-429.762390,-502.712738,-443.531403,-292.853729,-272.855469,-355.698883,-450.874359,-601.916016,-580.093994,-515.543152,-437.846863,-316.430328,-342.308228,-397.761444,-343.880493,-275.999969
8.310455,3.063568,27.112183,22.839447,36.839569,33.123535,14.043152,-1.737091,19.032654,15.508270,-2.068665,0.800049,4.160217,10.556946,12.624420,59.664291,12.264160,-0.841034,-1.403107,5.105133,15.515564,0.682617,21.962524,19.896332,20.080322,33.556702,8.553925,1.089325,20.276581,16.760498,6.790283,44.206940,17.389191,6.727081,13.095703,2.682312,5.891663,39.755066,61.879883,48.359344,5.081940
2810.225830,2804.311768,2697.860840,2740.672852,2715.716797,2703.791260,2777.976318,2769.386230,2726.424072,2747.830322,2749.566406,2734.501465,2792.036621,2768.457764,2755.305420,2745.252441,2755.357910,2764.537842,2778.899658,2755.194092,2754.244629,2796.259766,2710.500000,2730.664307,2744.729736,2736.114746,2795.518799,2796.104980,2705.648193,2729.316162,2750.361816,2677.799561,2704.257324,2743.061035,2816.908691,2792.988525,2717.147461,2696.737793,2727.939209,2729.805908,2701.365234
-9.636002,-86.770096,-382.461731,-267.447510,-7.044830,63.707214,21.880905,-126.505280,-342.064545,-276.213593,-59.192963,73.567291,22.155594,-114.139832,39.526093,94.946045,-11.039810,-81.066498,4.191376,69.259903,-4.863052,-148.668915,-379.968750,-340.175720,-28.268799,35.984100,-5.431473,-71.660538,-359.650330,-342.125549,-17.135406,96.720947,79.435623,-72.248337,-320.298218,-314.444885,-33.102158,79.215317,-20.773499,-86.353027,-339.514374
375.366119,371.384888,254.180679,254.248199,262.995575,262.860413,338.664551,335.521912,237.144821,254.518356,291.143066,314.763000,380.553497,358.543457,241.837326,234.829941,328.390076,332.237000,265.636047,265.189148,333.502258,329.981964,226.807175,235.749847,263.932068,264.821014,329.012207,336.715881,243.402145,259.487122,275.208130,293.288086,213.111359,286.961700,230.214554,195.597412,299.538788,300.342499,342.415161,345.642639,-25.872334
2517.911377,2515.445557,2528.845215,2520.377441,2522.598877,2514.081543,2544.175781,2548.951660,2554.758789,2546.753906,2529.856445,2526.585693,2552.991455,2554.762939,2525.350342,2511.211914,2520.296875,2514.836670,2520.360596,2513.787598,2538.995117,2544.007324,2550.026123,2538.288574,2528.024658,2529.202881,2536.395752,2522.674072,2529.087158,2517.341309,2520.229736,2510.723877,2384.929199,2490.477539,2540.289307,2581.832520,2525.190430,2515.685791,2540.332275,2541.242676,2432.175537
-419.801392,-383.332886,-92.753510,-109.337189,-248.148544,-327.004272,-554.336670,-357.631836,-116.330246,-123.821899,-232.623367,-373.309265,-509.062805,-343.621796,-172.539230,-225.985397,-502.387726,-439.942657,-519.013245,-563.429138,-600.674622,-530.656799,-93.181442,-125.436310,-180.432693,-284.438110,-477.152069,-420.689453,-159.175156,-124.332001,-197.385468,-344.434509,-594.000000,-576.615723,-515.587097,-437.991730,-175.587418,-242.497330,-312.258606,-259.440247,-212.802704
-279.148804,-285.558105,-197.560471,-147.527435,-168.423981,-187.069962,-274.316925,-260.175018,-194.329391,-178.583817,-192.063293,-221.509064,-283.269440,-245.837006,-154.511566,-159.919708,-276.877014,-290.825317,-294.980682,-288.477844,-278.089447,-292.922791,-198.870850,-201.052567,-197.826736,-201.154526,-282.381927,-290.352692,-210.410583,-204.369278,-207.647339,-206.967178,-271.885284,-284.554321,-280.075684,-290.571533,-212.363907,-214.278290,-199.640900,-210.453339,-261.785126
2772.602295,2770.748291,2571.942627,2605.804688,2603.266357,2590.947998,2732.828369,2679.235596,2609.914307,2614.782471,2624.035400,2611.518311,2742.460205,2677.070801,2635.305664,2638.803467,2711.008057,2724.286133,2775.128174,2751.798340,2753.465576,2795.628662,2592.285156,2605.997803,2644.198242,2636.134521,2765.393799,2768.822021,2593.846924,2611.971191,2629.960693,2569.233154,2654.638672,2706.353760,2800.939697,2778.613281,2587.960449,2597.646484,2637.306396,2634.120117,2599.362061
0.000000,0.000000,0.000000,0.000000,0.000000,0.000000,0.000000,0.000000,0.000000,0.000000,0.000000,0.000000,0.000000,0.000000,0.000000,0.000000,0.000000,0.000000,0.000000,0.000000,0.000000,0.000000,0.000000,0.000000,0.000000,0.000000,0.000000,0.000000,0.000000,0.000000,0.000000,0.000000,0.000000,0.000000,0.000000,0.000000,0.000000,0.000000,0.000000,0.000000,0.000000
0.000000,0.000000,0.000000,0.000000,0.000000,0.000000,0.000000,0.000000,0.000000,0.000000,0.000000,0.000000,0.000000,0.000000,0.000000,0.000000,0.000000,0.000000,0.000000,0.000000,0.000000,0.000000,0.000000,0.000000,0.000000,0.000000,0.000000,0.000000,0.000000,0.000000,0.000000,0.000000,0.000000,0.000000,0.000000,0.000000,0.000000,0.000000,0.000000,0.000000,0.000000
0.000000,0.000000,0.000000,0.000000,0.000000,0.000000,0.000000,0.000000,0.000000,0.000000,0.000000,0.000000,0.000000,0.000000,0.000000,0.000000,0.000000,0.000000,0.000000,0.000000,0.000000,0.000000,0.000000,0.000000,0.000000,0.000000,0.000000,0.000000,0.000000,0.000000,0.000000,0.000000,0.000000,0.000000,0.000000,0.000000,0.000000,0.000000,0.000000,0.000000,0.000000
0.000000,0.000000,0.000000,0.000000,0.000000,0.000000,0.000000,0.000000,0.000000,0.000000,0.000000,0.000000,0.000000,0.000000,0.000000,0.000000,0.000000,0.000000,0.000000,0.000000,0.000000,0.000000,0.000000,0.000000,0.000000,0.000000,0.000000,0.000000,0.000000,0.000000,0.000000,0.000000,0.000000,0.000000,0.000000,0.000000,0.000000,0.000000,0.000000,0.000000,0.000000
0.000000,0.000000,0.000000,0.000000,0.000000,0.000000,0.000000,0.000000,0.000000,0.000000,0.000000,0.000000,0.000000,0.000000,0.000000,0.000000,0.000000,0.000000,0.000000,0.000000,0.000000,0.000000,0.000000,0.000000,0.000000,0.000000,0.000000,0.000000,0.000000,0.000000,0.000000,0.000000,0.000000,0.000000,0.000000,0.000000,0.000000,0.000000,0.000000,0.000000,0.000000
0.000000,0.000000,0.000000,0.000000,0.000000,0.000000,0.000000,0.000000,0.000000,0.000000,0.000000,0.000000,0.000000,0.000000,0.000000,0.000000,0.000000,0.000000,0.000000,0.000000,0.000000,0.000000,0.000000,0.000000,0.000000,0.000000,0.000000,0.000000,0.000000,0.000000,0.000000,0.000000,0.000000,0.000000,0.000000,0.000000,0.000000,0.000000,0.000000,0.000000,0.000000
-604.221863,-584.037415,-605.849976,-584.520813,-590.476807,-587.600464,-623.034302,-609.825500,-600.845520,-590.459290,-583.763794,-578.245911,-599.301941,-592.001953,-580.170776,-582.036255,-597.913147,-601.940918,-581.751221,-574.339417,-622.236633,-604.242554,-617.778625,-606.449036,-601.733765,-596.341125,-611.518250,-604.013794,-607.284119,-601.116333,-589.689575,-574.528320,-598.405151,-585.174500,-617.694824,-615.024170,-586.305664,-574.998901,-614.279297,-598.879333,-606.362549
-548.541077,-548.963440,-547.279358,-548.660889,-538.250000,-540.761169,-535.509033,-529.805542,-542.944641,-545.536987,-537.053528,-538.133057,-544.068176,-534.590759,-531.539307,-524.862549,-528.889587,-530.970520,-542.925476,-552.567017,-545.971802,-548.059814,-535.444397,-546.778931,-545.230286,-554.395508,-549.432068,-548.999146,-541.804138,-534.422302,-533.694397,-531.485535,-510.920135,-505.604462,-541.927734,-548.410645,-538.882141,-543.801270,-561.011475,-555.919006,-562.785889
2573.409180,2583.268799,2633.408203,2608.804199,2590.739258,2587.496094,2593.398682,2620.976807,2622.332031,2607.167236,2583.517090,2588.876221,2589.127686,2602.894043,2567.426514,2567.726562,2569.044922,2564.885986,2560.801514,2561.429443,2567.572266,2598.792969,2634.892578,2621.950195,2596.419922,2598.088623,2598.382568,2583.878906,2631.912354,2614.318848,2572.869629,2575.026855,2540.694580,2579.219238,2609.895020,2611.326416,2572.150146,2585.101807,2572.003418,2588.541016,2621.999512
-301.719421,-283.192810,-310.141693,-310.562042,-359.917480,-358.337219,-337.036682,-296.318909,-312.035492,-314.629761,-333.724487,-351.918884,-306.376526,-283.092163,-356.747681,-356.825073,-316.223022,-294.014893,-337.240051,-358.512787,-344.357513,-307.029114,-314.651276,-309.862091,-339.261169,-343.886353,-299.993835,-286.700104,-301.432251,-304.143890,-346.962097,-365.760498,-326.409637,-316.818176,-321.882446,-300.997650,-349.607422,-359.399292,-298.389130,-282.797150,-322.545624
-469.866730,-504.904724,-568.068115,-572.064575,-534.828247,-513.226074,-480.408844,-520.390015,-570.164429,-574.509155,-560.906982,-538.277344,-486.566711,-534.137512,-548.266113,-525.730835,-464.918884,-497.544189,-540.559814,-526.825317,-473.037354,-486.617218,-568.084961,-566.985718,-559.069092,-526.004639,-487.476837,-508.919678,-575.673523,-571.232910,-557.913147,-517.516663,-453.074493,-471.372223,-484.434143,-488.787292,-566.287231,-521.315186,-472.035828,-504.606812,-582.888123
2567.428955,2556.244873,2560.557617,2591.429443,2584.177246,2591.466064,2591.847900,2567.533936,2557.023193,2566.758057,2584.084717,2568.021240,2593.766602,2567.539551,2570.171387,2563.906250,2576.678467,2546.885742,2577.835938,2570.702637,2575.552246,2582.400391,2552.254395,2559.275391,2585.463867,2595.050781,2609.099854,2572.599121,2567.885254,2554.644287,2574.764404,2560.686768,2576.792969,2580.579590,2550.301270,2538.483887,2579.700684,2576.305664,2576.470703,2563.997314,2604.615479
-677.005310,-655.464539,-667.873657,-650.279358,-659.692871,-658.630432,-688.526489,-669.058899,-666.346252,-659.014343,-656.126709,-653.874207,-674.968750,-663.467407,-653.574097,-653.002319,-677.373901,-685.543030,-665.629578,-657.870605,-694.469421,-670.136902,-678.456360,-673.349731,-669.043823,-671.712891,-682.774963,-678.895142,-680.407104,-671.247681,-662.191162,-656.883911,-682.768982,-665.613159,-687.910156,-679.925354,-664.711182,-654.200439,-688.965454,-668.435120,-681.068481
-970.330444,-972.198364,-974.364380,-974.979248,-963.454224,-965.196899,-961.453613,-957.197266,-969.638855,-971.418701,-960.960205,-962.349731,-968.148315,-959.944946,-955.033081,-948.999329,-948.570923,-950.760010,-960.512146,-970.953491,-969.469482,-973.229187,-961.933472,-972.872742,-970.396973,-977.356323,-974.171021,-972.259521,-967.244263,-960.309753,-957.012573,-951.846558,-929.414490,-925.471619,-967.468994,-974.960571,-960.571533,-965.416016,-985.016968,-981.286133,-987.802856
2629.763672,2628.515381,2622.468506,2622.922852,2616.280273,2620.443359,2612.845459,2623.091797,2626.887695,2623.969727,2620.335693,2613.865234,2612.061523,2619.625000,2607.782959,2605.894043,2631.767334,2620.820312,2629.142334,2626.388672,2608.441895,2633.824707,2611.982178,2628.897949,2625.206055,2637.144043,2628.356934,2623.184570,2627.551025,2622.501465,2616.531738,2628.172363,2604.471436,2639.268311,2628.800049,2625.006348,2620.909424,2632.878418,2603.691162,2611.101318,2634.648438
-189.471252,-173.683716,-197.236847,-201.250427,-241.104828,-237.254974,-218.568573,-175.538147,-195.295822,-196.933563,-222.383575,-234.234116,-201.934357,-182.291779,-236.823914,-236.528488,-204.413025,-184.738770,-218.226349,-235.654694,-225.915283,-191.733948,-201.672485,-196.167938,-229.941010,-235.160919,-192.357086,-181.675385,-199.684967,-194.214371,-228.341751,-244.561096,-218.883118,-212.397110,-213.252106,-191.990295,-227.819061,-241.567856,-193.019806,-175.533112,-194.237366
-883.568542,-919.340576,-977.593994,-980.334351,-940.198608,-917.240601,-889.520996,-930.853638,-981.524170,-984.207520,-968.181641,-946.615662,-899.564697,-947.434814,-954.757080,-933.215210,-879.082520,-913.080322,-948.891724,-934.530823,-884.345093,-898.838745,-979.704712,-978.388428,-965.654053,-933.005249,-899.756592,-921.485107,-987.330933,-983.533325,-964.261841,-924.492920,-868.151184,-887.230469,-900.138855,-904.325134,-971.831055,-929.654785,-886.481934,-918.244812,-980.408630
2515.890381,2504.674561,2483.719727,2503.767090,2495.184570,2499.327881,2521.096924,2510.176514,2497.258545,2498.248291,2493.997070,2492.474121,2523.473145,2493.818604,2487.871094,2487.353760,2527.882080,2505.010742,2503.652588,2499.472168,2518.954834,2525.871582,2488.290039,2494.935547,2490.142334,2500.623047,2539.390625,2500.683105,2487.178223,2489.072754,2490.081787,2482.842529,2526.306152,2529.958008,2507.803467,2495.265869,2495.886230,2500.537354,2517.027100,2502.321045,2495.438721
0.000000,0.000000,0.000000,0.000000,0.000000,0.000000,0.000000,0.000000,0.000000,0.000000,0.000000,0.000000,0.000000,0.000000,0.000000,0.000000,0.000000,0.000000,0.000000,0.000000,0.000000,0.000000,0.000000,0.000000,0.000000,0.000000,0.000000,0.000000,0.000000,0.000000,0.000000,0.000000,0.000000,0.000000,0.000000,0.000000,0.000000,0.000000,0.000000,0.000000,0.000000
0.000000,0.000000,0.000000,0.000000,0.000000,0.000000,0.000000,0.000000,0.000000,0.000000,0.000000,0.000000,0.000000,0.000000,0.000000,0.000000,0.000000,0.000000,0.000000,0.000000,0.000000,0.000000,0.000000,0.000000,0.000000,0.000000,0.000000,0.000000,0.000000,0.000000,0.000000,0.000000,0.000000,0.000000,0.000000,0.000000,0.000000,0.000000,0.000000,0.000000,0.000000
0.000000,0.000000,0.000000,0.000000,0.000000,0.000000,0.000000,0.000000,0.000000,0.000000,0.000000,0.000000,0.000000,0.000000,0.000000,0.000000,0.000000,0.000000,0.000000,0.000000,0.000000,0.000000,0.000000,0.000000,0.000000,0.000000,0.000000,0.000000,0.000000,0.000000,0.000000,0.000000,0.000000,0.000000,0.000000,0.000000,0.000000,0.000000,0.000000,0.000000,0.000000
0.000000,0.000000,0.000000,0.000000,0.000000,0.000000,0.000000,0.000000,0.000000,0.000000,0.000000,0.000000,0.000000,0.000000,0.000000,0.000000,0.000000,0.000000,0.000000,0.000000,0.000000,0.000000,0.000000,0.000000,0.000000,0.000000,0.000000,0.000000,0.000000,0.000000,0.000000,0.000000,0.000000,0.000000,0.000000,0.000000,0.000000,0.000000,0.000000,0.000000,0.000000
0.000000,0.000000,0.000000,0.000000,0.000000,0.000000,0.000000,0.000000,0.000000,0.000000,0.000000,0.000000,0.000000,0.000000,0.000000,0.000000,0.000000,0.000000,0.000000,0.000000,0.000000,0.000000,0.000000,0.000000,0.000000,0.000000,0.000000,0.000000,0.000000,0.000000,0.000000,0.000000,0.000000,0.000000,0.000000,0.000000,0.000000,0.000000,0.000000,0.000000,0.000000
0.000000,0.000000,0.000000,0.000000,0.000000,0.000000,0.000000,0.000000,0.000000,0.000000,0.000000,0.000000,0.000000,0.000000,0.000000,0.000000,0.000000,0.000000,0.000000,0.000000,0.000000,0.000000,0.000000,0.000000,0.000000,0.000000,0.000000,0.000000,0.000000,0.000000,0.000000,0.000000,0.000000,0.000000,0.000000,0.000000,0.000000,0.000000,0.000000,0.000000,0.000000
-475.531708,-466.655487,-478.951355,-460.325592,-476.329712,-478.396820,-497.548981,-476.299622,-475.947723,-470.000275,-470.826538,-474.495056,-475.371216,-455.467926,-469.298370,-470.615417,-475.344147,-468.405579,-479.896912,-481.897095,-489.193146,-477.502045,-481.854401,-472.782593,-471.646667,-478.589020,-464.946716,-457.658447,-469.729828,-471.731445,-469.532440,-475.323883,-481.163757,-481.515778,-482.363129,-473.456635,-469.040070,-473.176880,-470.269714,-463.801880,-488.192413
319.413239,317.339111,319.777557,310.608917,311.843018,313.862976,317.172485,314.306915,315.682678,313.031860,310.456604,308.744843,311.200073,310.355042,320.566406,322.872009,320.998474,317.272705,314.119019,310.435272,311.580811,307.741760,317.712402,316.301147,313.787231,310.592957,311.430603,312.755768,310.438477,315.455841,314.133057,316.269379,322.681335,320.938599,319.226166,312.058838,315.788574,315.871704,308.291931,308.798737,310.942535
2650.561279,2646.997314,2645.883057,2645.257568,2647.875244,2647.266113,2643.951904,2644.671631,2643.230713,2643.808838,2636.313232,2631.795898,2643.561035,2636.938721,2633.115479,2627.827393,2614.920410,2615.468018,2625.115234,2618.622559,2631.724609,2643.116455,2642.962402,2647.909668,2642.414307,2639.578125,2645.787598,2643.477783,2632.421875,2637.110352,2634.075195,2618.362305,2605.305420,2617.823975,2655.656250,2641.545654,2634.145508,2623.548828,2630.649902,2628.495605,2633.793457
37.226265,37.254452,37.659607,37.960838,38.091679,38.126789,38.558167,38.628559,39.159809,39.228378,39.355263,39.425804,39.823559,39.893196,40.695091,40.729080,41.162941,41.197979,41.961231,41.994774,42.462177,42.531303,42.896511,43.132927,43.327499,43.362492,43.863167,43.899082,44.200809,44.432762,44.668819,44.732147,45.134933,45.235073,45.497395,45.530853,45.937946,45.998932,46.398567,46.433186,46.797009
