62,31
-1.000000,0.000000,4.000000,0.000000,4.000000,-1.000000,1.000000,-1.000000,0.000000,4.000000,0.000000,7.000000,4.000000,-1.000000,4.000000,-1.000000,1.000000,-1.000000,0.000000,4.000000,0.000000,4.000000,6.000000,-1.000000,4.000000,-1.000000,1.000000,-1.000000,0.000000,4.000000,0.000000
-279.013062,-300.339447,-393.345856,-515.884094,-463.039551,-439.893677,-245.731720,-286.215179,-324.515900,-492.052765,-577.128296,-532.896179,-512.806946,-460.096741,-396.678864,-359.279968,-231.710892,-244.766495,-313.743774,-513.206970,-529.448853,-518.090759,-467.509644,-402.564087,-365.430573,-282.423737,-194.996750,-179.642227,-249.220200,-420.996857,-559.558472
352.768188,360.009521,367.332214,366.093079,358.044067,355.710449,331.469513,362.794373,365.475769,356.106140,337.686768,346.407471,354.757690,344.965729,350.841797,346.263214,324.547180,340.457458,350.301300,335.973602,348.239441,353.964783,351.793579,357.648712,362.153595,349.938293,339.832977,361.331451,366.316528,376.205231,353.210266
2436.508545,2430.747559,2424.674805,2437.635254,2388.998047,2382.780273,2429.747559,2421.170166,2414.647949,2405.431641,2420.159424,2388.842285,2387.100342,2366.497070,2369.882812,2375.497314,2428.776367,2427.855957,2397.187500,2367.224854,2391.588379,2359.324463,2344.558350,2344.036865,2351.124023,2369.694336,2420.423096,2422.602783,2392.918945,2366.776367,2374.663574
-342.174377,-329.209930,-265.088776,-276.189270,-308.439270,-311.852600,-419.788605,-316.601532,-291.462860,-277.501953,-319.149200,-320.698792,-324.750580,-336.963257,-360.135712,-378.381409,-443.727448,-365.506500,-308.214966,-277.860382,-277.777557,-303.730530,-312.036743,-325.152222,-337.009064,-367.106232,-406.512543,-372.870880,-294.814758,-246.637665,-309.252899
312.111755,309.361908,299.893188,302.967529,294.527649,295.590485,317.656555,310.112488,305.042603,295.406677,297.706177,287.426208,288.755096,288.245941,295.613281,297.770020,321.881714,313.396973,305.103424,318.270905,302.510742,297.947449,295.013550,304.187134,308.896790,310.480682,321.696472,326.561646,315.271698,307.696472,301.877075
2740.801514,2739.179688,2699.480469,2636.444336,2657.374023,2665.198242,2686.285645,2725.233154,2721.193848,2631.745117,2602.369385,2617.893066,2633.161865,2650.166504,2675.406738,2681.580322,2654.848145,2707.863281,2706.446289,2575.314697,2580.572754,2586.781982,2612.643799,2643.027100,2657.254883,2658.544922,2647.888916,2668.806885,2688.463379,2619.262695,2563.861328
-267.685089,-272.060669,-295.483826,-363.433441,-356.249725,-345.062164,-296.496887,-259.448730,-270.485321,-347.023651,-424.347504,-396.569824,-389.243896,-366.809845,-347.222015,-337.150085,-301.175293,-266.488312,-273.340210,-339.698853,-375.684174,-386.851929,-361.538452,-333.731445,-321.572449,-295.735931,-267.836304,-233.357468,-235.493195,-290.381531,-396.385254
533.728516,535.073120,539.258423,544.944702,532.468506,531.076965,529.374084,535.038452,535.602966,535.854004,533.189514,527.093262,529.357788,524.873047,527.092346,526.362183,529.091187,531.593018,531.729187,547.670288,541.104126,537.507629,532.676758,536.149109,538.955261,536.074707,534.883118,536.667175,539.865967,549.495361,541.429688
2642.823975,2641.376709,2611.946777,2574.732910,2568.233887,2568.081299,2605.473145,2630.790039,2623.127686,2548.040283,2533.370850,2540.913330,2553.937988,2550.558594,2572.248535,2578.523682,2589.056641,2620.435303,2597.679932,2511.187988,2514.777100,2513.034668,2519.905762,2537.621094,2552.200195,2563.545898,2591.801514,2622.034668,2599.061523,2530.268066,2483.889893
-352.074554,-355.648132,-359.666199,-426.818481,-414.619171,-405.294098,-367.577515,-345.629608,-343.450073,-419.302460,-470.351257,-454.469543,-446.890320,-425.581879,-407.500092,-398.994995,-372.235962,-341.333527,-344.779907,-411.480011,-425.769104,-434.117126,-415.173706,-391.330139,-380.190918,-349.456177,-328.240173,-314.567505,-311.840027,-373.283142,-467.891296
117.147621,119.584999,116.819244,116.624969,108.545090,107.683182,107.776169,122.446686,119.199883,107.617401,97.029282,98.394791,104.312889,98.207031,105.691254,104.675873,106.294617,110.562607,110.102493,107.263397,105.523209,107.075874,104.738541,112.523666,117.841179,112.285622,114.273590,133.169846,126.488411,125.377914,108.211853
2551.279785,2545.815918,2523.086182,2504.962891,2488.289795,2490.927734,2522.720947,2531.703613,2529.149902,2492.812012,2494.294922,2472.733398,2473.289551,2476.405273,2486.801270,2492.222656,2506.883789,2531.341309,2520.619141,2470.601318,2462.388184,2441.018555,2447.019043,2461.594238,2469.009277,2477.111816,2491.336182,2485.870361,2497.533936,2461.509277,2454.054199
-413.879456,-405.815430,-348.560516,-380.369507,-393.557678,-393.395630,-458.766998,-399.796814,-368.355347,-384.682800,-409.406464,-413.657471,-414.161469,-412.791321,-424.789520,-435.359741,-475.166870,-417.586548,-376.810028,-353.817505,-366.718170,-388.150665,-390.296539,-393.819977,-399.957520,-402.270325,-423.348328,-415.134308,-366.554718,-356.646912,-420.666199
-111.227173,-111.819931,-121.824066,-121.619698,-129.713699,-129.685089,-113.484329,-108.803688,-116.158676,-130.083618,-136.525284,-139.162750,-134.483932,-138.544662,-129.683716,-128.406036,-111.485329,-114.779442,-121.970520,-118.132294,-129.083984,-129.880859,-132.288300,-123.123573,-117.090401,-118.742081,-108.015869,-88.809258,-104.489655,-113.238518,-127.672264
2611.819824,2605.957031,2573.130127,2536.943115,2540.088379,2549.003662,2570.510742,2589.730225,2588.273926,2539.971191,2536.059326,2516.022461,2516.054443,2536.266113,2549.641602,2555.262695,2544.904785,2587.716553,2588.451416,2535.016602,2499.675537,2482.383301,2502.132080,2526.145996,2532.971680,2536.031006,2521.238281,2505.359619,2550.907959,2511.239502,2499.852539
-373.231323,-387.227722,-431.669647,-534.831055,-493.440186,-476.034485,-346.022736,-379.904907,-389.466187,-522.972351,-575.721069,-550.625732,-535.842285,-492.476196,-448.396271,-422.958862,-338.338623,-337.474548,-380.350861,-501.035217,-529.131836,-526.496582,-490.851898,-443.784271,-418.366516,-346.024414,-288.103088,-290.622589,-336.770416,-468.851135,-582.087585
-85.062302,-79.211487,-78.124359,-80.941025,-88.677689,-90.883110,-104.537064,-74.316437,-77.560181,-90.959557,-110.750504,-101.091766,-91.777313,-101.838882,-94.006310,-96.923706,-109.765099,-96.824562,-93.024231,-107.058624,-99.573395,-93.727859,-95.564629,-88.617599,-82.595261,-92.534424,-96.419220,-66.404465,-71.144943,-69.151520,-94.567635
2415.989258,2407.379395,2395.059326,2408.828857,2366.698730,2366.728760,2404.339844,2390.680908,2392.483887,2394.100098,2418.591553,2368.175781,2356.841553,2352.691406,2352.273926,2356.550293,2399.005859,2401.929443,2390.391357,2404.849121,2377.716064,2335.584473,2328.741943,2333.166992,2334.686523,2344.177002,2375.794434,2346.712158,2357.845459,2348.758545,2377.839355
0.000000,0.000000,0.000000,0.000000,0.000000,0.000000,0.000000,0.000000,0.000000,0.000000,0.000000,0.000000,0.000000,0.000000,0.000000,0.000000,0.000000,0.000000,0.000000,0.000000,0.000000,0.000000,0.000000,0.000000,0.000000,0.000000,0.000000,0.000000,0.000000,0.000000,0.000000
0.000000,0.000000,0.000000,0.000000,0.000000,0.000000,0.000000,0.000000,0.000000,0.000000,0.000000,0.000000,0.000000,0.000000,0.000000,0.000000,0.000000,0.000000,0.000000,0.000000,0.000000,0.000000,0.000000,0.000000,0.000000,0.000000,0.000000,0.000000,0.000000,0.000000,0.000000
0.000000,0.000000,0.000000,0.000000,0.000000,0.000000,0.000000,0.000000,0.000000,0.000000,0.000000,0.000000,0.000000,0.000000,0.000000,0.000000,0.000000,0.000000,0.000000,0.000000,0.000000,0.000000,0.000000,0.000000,0.000000,0.000000,0.000000,0.000000,0.000000,0.000000,0.000000
-73.655029,-121.286362,-293.149994,-503.258545,-402.273010,-361.763397,8.030975,-59.306778,-142.700165,-416.170563,-550.783203,-503.612183,-473.019623,-394.882080,-278.935303,-219.163528,10.604263,-24.615570,-161.918945,-454.610626,-524.831055,-475.653076,-405.949677,-296.614929,-245.736496,-128.559830,36.877289,24.596710,-67.908188,-346.813812,-563.999817
195.246262,179.124619,156.881470,149.564606,140.438889,142.785736,250.125961,193.726715,172.658478,154.867645,116.918259,107.575592,115.130234,126.099762,134.322311,153.773148,226.750031,188.668839,161.350067,155.894638,110.509918,127.300079,130.726105,140.749207,150.413315,186.683289,237.656403,192.878357,166.289169,155.281097,145.314026
2357.826416,2349.882324,2349.321533,2325.820557,2310.433594,2310.715576,2372.630371,2370.249023,2356.747803,2323.376465,2328.295166,2304.855713,2303.884766,2304.863281,2308.122559,2312.943115,2364.677734,2368.289062,2327.655762,2294.213379,2280.299561,2260.600586,2266.900146,2275.689209,2279.752686,2299.786865,2354.622559,2348.974121,2331.484619,2302.427734,2277.280029
-342.119446,-329.166199,-214.938904,-201.513672,-275.156311,-280.979614,-371.286896,-316.562531,-291.437988,-223.817932,-225.439987,-275.063843,-290.150757,-300.556885,-286.094666,-314.357971,-414.086700,-365.446838,-308.184601,-207.790436,-180.502716,-251.250885,-216.890076,-207.808929,-205.200668,-271.758881,-354.193115,-372.739197,-294.730621,-197.177994,-195.762878
21.221985,18.472107,24.410095,55.184174,45.593063,52.345108,30.927948,19.222748,14.152863,59.601456,24.694427,27.701721,33.309097,38.245697,19.103027,16.351532,32.649445,22.507202,14.213684,48.300598,53.782944,54.476334,87.545807,126.154022,63.597198,39.105316,36.038147,35.671967,24.381958,77.399460,61.401672
2740.802979,2739.180908,2724.109375,2713.516113,2736.698242,2749.015381,2693.434326,2725.230713,2721.192383,2655.502686,2637.466797,2679.907471,2695.174805,2725.331543,2727.145020,2717.932617,2663.958496,2707.872314,2706.450928,2627.836426,2622.851074,2664.276611,2724.179199,2736.073486,2741.346924,2701.916992,2664.587158,2668.831787,2688.479248,2672.126465,2608.883789
167.691849,112.515549,-80.662689,-299.862091,-189.632294,-141.129639,301.237762,185.267731,85.092072,-222.644501,-349.819977,-282.979126,-247.479065,-160.840042,-34.500320,34.066238,304.308044,239.654663,56.279770,-284.602173,-346.517639,-306.003784,-221.090561,-103.000702,-39.049911,108.924759,317.084503,281.505249,158.847107,-185.455597,-355.716492
326.126892,323.235443,341.095642,360.802368,344.401428,334.072876,266.558563,298.489410,319.142792,360.909912,350.721405,314.505768,314.561218,311.406555,294.113647,290.728699,246.174225,292.343903,340.091675,392.803223,358.110779,371.731323,358.648987,347.744019,336.985779,319.819275,287.161285,315.155334,341.433777,379.193298,372.478394
2503.894287,2503.805908,2469.021973,2427.960693,2430.787598,2435.042480,2484.015381,2517.380127,2496.953613,2416.846680,2417.217285,2401.386475,2401.926270,2397.940674,2404.009766,2413.920654,2452.385254,2463.217285,2430.229248,2384.180176,2377.423584,2379.617432,2386.511230,2410.653076,2421.018311,2453.050781,2480.004883,2464.922119,2454.521729,2390.961182,2369.628662
-333.237732,-321.173523,-72.151764,-67.841965,-49.336914,-51.810684,-152.390015,-307.759918,-284.312805,-129.403458,-129.400909,-62.820557,-62.065384,-81.969620,-63.381119,-90.064362,-226.913666,-354.547913,-300.249664,-136.447021,-106.894913,-81.967239,-86.683105,-73.264801,-34.774399,-92.359039,-192.602890,-360.913269,-285.146790,-66.898560,-67.498627
-269.409363,-272.208344,-126.177521,-76.232666,77.751099,122.931625,-59.815140,-271.395905,-276.559021,-3.458050,-109.091202,-20.919708,29.849838,136.723816,104.959724,49.901463,-96.699097,-267.890106,-276.414246,-19.035316,-87.454041,5.918270,109.677261,240.633179,140.233536,15.189825,-99.729507,-254.638611,-266.127716,9.904900,-50.086479
2732.358154,2731.578613,2528.333740,2481.955322,2588.497070,2606.599854,2524.713623,2716.279785,2713.935547,2404.952393,2404.051514,2514.121094,2535.833740,2581.541260,2560.879883,2535.769043,2482.707275,2694.932617,2697.004639,2363.055176,2379.224609,2458.614258,2511.934814,2555.629639,2518.415039,2474.187744,2464.405762,2654.805908,2677.117920,2444.412109,2377.728027
0.000000,0.000000,0.000000,0.000000,0.000000,0.000000,0.000000,0.000000,0.000000,0.000000,0.000000,0.000000,0.000000,0.000000,0.000000,0.000000,0.000000,0.000000,0.000000,0.000000,0.000000,0.000000,0.000000,0.000000,0.000000,0.000000,0.000000,0.000000,0.000000,0.000000,0.000000
0.000000,0.000000,0.000000,0.000000,0.000000,0.000000,0.000000,0.000000,0.000000,0.000000,0.000000,0.000000,0.000000,0.000000,0.000000,0.000000,0.000000,0.000000,0.000000,0.000000,0.000000,0.000000,0.000000,0.000000,0.000000,0.000000,0.000000,0.000000,0.000000,0.000000,0.000000
0.000000,0.000000,0.000000,0.000000,0.000000,0.000000,0.000000,0.000000,0.000000,0.000000,0.000000,0.000000,0.000000,0.000000,0.000000,0.000000,0.000000,0.000000,0.000000,0.000000,0.000000,0.000000,0.000000,0.000000,0.000000,0.000000,0.000000,0.000000,0.000000,0.000000,0.000000
0.000000,0.000000,0.000000,0.000000,0.000000,0.000000,0.000000,0.000000,0.000000,0.000000,0.000000,0.000000,0.000000,0.000000,0.000000,0.000000,0.000000,0.000000,0.000000,0.000000,0.000000,0.000000,0.000000,0.000000,0.000000,0.000000,0.000000,0.000000,0.000000,0.000000,0.000000
0.000000,0.000000,0.000000,0.000000,0.000000,0.000000,0.000000,0.000000,0.000000,0.000000,0.000000,0.000000,0.000000,0.000000,0.000000,0.000000,0.000000,0.000000,0.000000,0.000000,0.000000,0.000000,0.000000,0.000000,0.000000,0.000000,0.000000,0.000000,0.000000,0.000000,0.000000
0.000000,0.000000,0.000000,0.000000,0.000000,0.000000,0.000000,0.000000,0.000000,0.000000,0.000000,0.000000,0.000000,0.000000,0.000000,0.000000,0.000000,0.000000,0.000000,0.000000,0.000000,0.000000,0.000000,0.000000,0.000000,0.000000,0.000000,0.000000,0.000000,0.000000,0.000000
-548.568237,-559.353394,-596.590820,-636.792297,-562.045410,-549.074829,-459.113281,-536.971130,-548.022278,-651.631592,-670.348511,-615.148682,-598.178406,-554.970215,-538.643311,-513.644104,-448.567535,-523.225464,-556.561401,-598.547974,-630.677124,-573.730591,-541.747375,-502.725189,-473.250580,-417.584045,-407.967773,-461.753510,-494.235352,-613.789795,-650.514587
-474.348511,-472.879883,-483.881775,-505.887146,-520.043884,-519.742188,-520.209900,-471.754059,-477.904266,-511.084808,-534.406067,-533.278076,-525.071472,-537.493713,-523.490234,-526.660156,-528.158203,-475.978058,-478.939941,-524.605713,-522.339294,-528.180786,-531.656250,-521.766296,-516.527771,-524.448853,-513.228882,-465.582825,-473.700195,-483.701233,-521.727783
2291.288330,2292.705811,2317.968018,2326.678711,2283.237061,2274.627197,2293.775391,2267.546631,2282.033691,2326.286133,2321.339111,2284.911621,2277.779053,2288.449951,2281.660645,2286.844971,2296.532959,2262.065918,2256.699707,2308.479492,2284.493896,2252.484863,2257.405518,2251.137939,2253.780273,2266.526123,2279.334229,2250.591064,2255.815430,2278.768311,2274.613770
-192.822159,-193.856537,-200.736938,-276.388885,-239.715546,-233.556519,-246.354416,-176.618408,-196.179657,-256.262573,-283.218018,-242.431000,-237.833588,-222.412384,-228.470490,-226.718689,-218.834961,-195.326889,-202.459702,-250.646851,-263.187561,-224.747726,-216.631531,-211.704651,-209.824799,-214.204651,-206.248032,-182.550476,-172.735825,-247.452850,-294.967590
-480.774200,-486.427612,-525.221680,-547.850281,-544.203064,-541.792175,-498.673584,-479.221985,-509.021057,-546.765381,-548.928223,-544.568359,-538.596985,-537.667786,-523.089233,-515.616211,-472.070587,-492.699371,-513.780151,-539.633240,-547.025391,-541.528809,-540.440063,-527.101196,-517.171387,-519.515869,-495.522186,-467.350494,-494.941681,-537.339966,-539.548462
2503.808594,2495.766602,2463.329834,2464.026855,2490.978027,2499.193848,2506.444336,2488.246338,2476.739502,2452.584717,2426.916748,2451.817871,2457.749268,2489.474609,2483.563232,2490.877930,2503.991943,2530.656006,2474.956055,2437.693115,2388.990967,2441.300293,2470.099121,2487.956055,2493.250977,2496.549316,2502.092041,2495.156006,2490.347168,2434.985596,2388.697266
-779.370972,-774.560242,-748.848938,-754.212524,-758.881165,-763.212402,-737.652588,-769.530151,-742.288147,-769.636597,-752.161377,-753.354858,-746.515564,-740.394226,-754.713440,-747.979675,-726.289124,-772.009766,-763.377014,-732.223633,-739.782898,-741.042236,-744.437683,-742.190369,-729.531738,-687.533936,-689.221497,-726.938354,-749.520630,-769.063477,-756.383484
-832.539795,-838.819519,-876.460449,-908.810303,-888.550842,-877.812195,-844.288818,-826.699219,-849.177917,-912.002319,-942.091553,-919.859131,-909.576538,-907.621582,-878.183594,-873.207642,-851.677734,-823.010132,-848.194519,-922.496460,-925.640320,-907.916504,-897.057983,-868.777771,-854.547729,-854.289917,-831.605957,-800.064697,-816.220215,-875.799561,-926.208618
2324.128662,2338.738525,2389.607910,2409.212158,2367.692139,2363.173828,2280.837891,2317.269775,2360.576416,2416.685303,2421.493164,2402.866455,2390.678955,2392.759766,2380.774170,2370.577393,2293.904053,2276.892090,2311.154541,2390.186523,2375.373047,2353.777832,2343.855225,2315.439697,2292.116699,2257.252197,2233.197754,2227.401611,2262.311035,2345.737549,2364.629395
-194.059052,-193.640396,-193.330734,-231.506912,-212.321060,-213.216553,-216.819885,-175.418152,-194.666061,-222.910492,-210.386002,-211.075378,-209.634460,-199.661285,-212.003815,-216.994781,-196.038132,-177.409225,-194.875916,-197.748352,-211.570526,-208.310013,-208.679947,-204.597061,-205.174133,-211.284546,-201.993744,-193.233078,-177.906357,-219.539780,-213.593353
-908.342407,-914.080811,-952.783691,-972.531189,-970.842285,-968.897339,-925.091431,-906.746338,-936.629578,-971.777344,-967.254272,-969.688354,-964.320007,-964.530762,-950.453979,-943.177368,-898.310913,-919.625854,-941.187073,-962.211365,-965.948792,-966.615845,-967.117920,-954.523071,-944.585327,-946.339478,-921.814209,-894.701721,-922.580139,-963.473694,-954.833130
2496.622070,2489.340088,2471.408447,2487.243652,2502.774658,2504.518066,2490.546387,2481.357666,2481.629395,2485.655518,2478.253906,2485.622559,2487.037842,2496.154785,2485.416748,2490.283203,2479.171875,2512.099854,2482.748779,2476.682373,2457.799561,2483.485840,2495.779053,2490.426758,2485.623535,2473.104004,2467.472168,2482.316162,2489.714111,2455.259521,2449.591553
0.000000,0.000000,0.000000,0.000000,0.000000,0.000000,0.000000,0.000000,0.000000,0.000000,0.000000,0.000000,0.000000,0.000000,0.000000,0.000000,0.000000,0.000000,0.000000,0.000000,0.000000,0.000000,0.000000,0.000000,0.000000,0.000000,0.000000,0.000000,0.000000,0.000000,0.000000
0.000000,0.000000,0.000000,0.000000,0.000000,0.000000,0.000000,0.000000,0.000000,0.000000,0.000000,0.000000,0.000000,0.000000,0.000000,0.000000,0.000000,0.000000,0.000000,0.000000,0.000000,0.000000,0.000000,0.000000,0.000000,0.000000,0.000000,0.000000,0.000000,0.000000,0.000000
0.000000,0.000000,0.000000,0.000000,0.000000,0.000000,0.000000,0.000000,0.000000,0.000000,0.000000,0.000000,0.000000,0.000000,0.000000,0.000000,0.000000,0.000000,0.000000,0.000000,0.000000,0.000000,0.000000,0.000000,0.000000,0.000000,0.000000,0.000000,0.000000,0.000000,0.000000
0.000000,0.000000,0.000000,0.000000,0.000000,0.000000,0.000000,0.000000,0.000000,0.000000,0.000000,0.000000,0.000000,0.000000,0.000000,0.000000,0.000000,0.000000,0.000000,0.000000,0.000000,0.000000,0.000000,0.000000,0.000000,0.000000,0.000000,0.000000,0.000000,0.000000,0.000000
0.000000,0.000000,0.000000,0.000000,0.000000,0.000000,0.000000,0.000000,0.000000,0.000000,0.000000,0.000000,0.000000,0.000000,0.000000,0.000000,0.000000,0.000000,0.000000,0.000000,0.000000,0.000000,0.000000,0.000000,0.000000,0.000000,0.000000,0.000000,0.000000,0.000000,0.000000
0.000000,0.000000,0.000000,0.000000,0.000000,0.000000,0.000000,0.000000,0.000000,0.000000,0.000000,0.000000,0.000000,0.000000,0.000000,0.000000,0.000000,0.000000,0.000000,0.000000,0.000000,0.000000,0.000000,0.000000,0.000000,0.000000,0.000000,0.000000,0.000000,0.000000,0.000000
-310.593750,-314.774689,-329.217316,-396.036682,-385.739410,-375.873138,-332.760162,-301.408356,-307.989380,-384.777344,-448.138763,-426.797485,-418.778778,-398.529999,-378.407288,-368.830688,-337.719177,-305.136505,-310.979370,-395.533661,-403.613190,-410.910645,-389.773193,-363.858154,-351.219818,-324.764984,-300.754639,-276.256561,-272.017487,-333.817261,-434.405701
332.439972,334.685699,333.612701,334.530304,326.285889,325.650452,324.563049,336.453430,335.259186,325.756409,317.696472,316.916840,321.756409,316.605835,323.227539,322.016602,323.214447,326.927216,327.702362,327.122253,325.375122,325.956116,323.403564,330.917908,335.525177,330.209503,330.764709,343.946533,340.794128,341.950867,327.543640
2588.655029,2584.963623,2562.077637,2537.039795,2523.186035,2523.989258,2558.016602,2573.201660,2567.920898,2518.588379,2511.264404,2503.367676,2510.131104,2508.331787,2522.644775,2528.538818,2541.812256,2567.859619,2551.816895,2471.269775,2486.080566,2473.053223,2478.601074,2493.531982,2504.189453,2514.119629,2534.156006,2545.704834,2540.691162,2493.019531,2469.262451
45.247623,45.277546,45.408958,45.646774,46.915852,46.945679,47.182350,48.250027,48.316441,48.584015,48.850044,49.783306,49.818233,49.881927,49.951965,49.987289,50.113827,51.048321,51.150536,51.451660,51.620136,52.655499,52.717270,52.785610,52.829731,52.884243,52.982845,53.890053,53.949989,54.193035,54.453896
