62,46
0.000000,-1.000000,4.000000,-1.000000,4.000000,-1.000000,4.000000,-1.000000,4.000000,-1.000000,7.000000,0.000000,-1.000000,4.000000,-1.000000,4.000000,-1.000000,4.000000,7.000000,-1.000000,4.000000,-1.000000,4.000000,7.000000,0.000000,7.000000,0.000000,4.000000,-1.000000,7.000000,-1.000000,4.000000,7.000000,0.000000,7.000000,0.000000,7.000000,4.000000,-1.000000,4.000000,-1.000000,4.000000,-1.000000,4.000000,7.000000,0.000000
-794.873596,-812.809509,-854.921875,-853.999084,-858.253052,-876.206787,-822.894287,-819.466553,-782.302246,-769.153381,-757.264160,-793.543884,-808.582886,-813.871643,-815.966309,-828.282593,-862.993774,-929.104370,-939.679016,-941.483887,-884.857117,-873.591675,-764.994019,-753.791199,-644.019043,-535.946167,-764.786804,-782.200989,-836.504883,-907.971863,-916.161865,-818.509277,-773.436951,-755.762634,-705.966980,-612.884949,-500.857758,-789.178101,-823.833923,-864.983643,-870.440552,-857.849060,-834.104797,-740.109009,-709.369507,-697.517456
267.016418,271.769897,273.205170,271.165131,272.421570,262.977631,313.808746,316.261505,330.189880,335.749817,343.205688,275.180359,274.076263,265.666412,272.321136,257.852966,241.423676,212.773712,217.875275,220.130783,240.629944,249.784271,329.896881,339.882843,338.537048,311.099060,293.950836,304.341370,288.849915,235.645752,265.151306,334.984558,356.055420,358.534546,352.262085,337.987671,309.614777,270.252289,240.991013,208.226425,209.134796,234.131836,243.887543,315.119171,345.003113,349.978149
2756.762695,2755.313477,2744.112061,2736.545898,2730.346680,2714.534912,2763.860840,2763.236572,2766.982422,2771.907959,2777.583740,2725.330322,2720.865723,2705.309326,2704.722412,2686.508301,2677.834717,2679.842285,2678.849854,2679.462646,2683.793213,2683.738525,2706.028809,2711.395020,2755.190918,2769.579346,2721.090576,2723.180664,2717.870605,2726.744141,2777.319336,2815.143066,2818.411377,2821.090088,2819.820068,2833.399658,2855.574707,2743.223877,2680.996094,2674.673096,2674.917480,2675.316650,2682.766846,2689.436523,2702.358643,2704.603271
-551.294189,-572.004944,-613.115601,-622.775696,-638.307739,-661.382812,-570.855347,-561.007812,-531.671875,-516.784424,-498.568085,-557.719055,-575.247559,-606.896118,-623.214111,-641.418335,-690.544556,-716.592651,-724.000671,-723.446289,-676.753845,-668.385498,-527.681396,-512.500183,-359.822571,-247.169525,-518.975403,-540.202759,-621.231445,-695.085999,-684.924561,-564.947876,-515.187561,-493.112366,-439.197601,-334.504333,-210.472687,-550.168945,-614.541687,-645.299194,-656.162720,-631.774780,-615.822693,-507.636719,-457.892090,-440.762665
353.586426,361.975586,369.953461,369.933441,374.312927,367.468048,378.680878,374.179657,378.331848,380.488342,382.613037,365.965210,369.281830,373.439026,381.344910,376.233704,371.386902,346.494934,348.905304,350.651428,367.611908,373.016113,383.773315,386.199890,377.754333,347.056305,378.664429,388.715393,372.949097,370.660797,359.075806,387.332886,384.209045,381.476227,371.160889,355.636993,310.708679,370.609222,357.570007,344.471741,349.145691,362.462921,368.704071,397.057739,398.458252,395.089844
2893.994141,2895.103027,2877.422119,2885.508789,2894.256348,2883.581299,2897.316406,2887.496338,2909.427734,2912.800537,2908.192627,2872.811279,2869.569824,2879.808838,2894.854248,2877.812500,2875.188232,2829.272461,2826.881592,2824.553467,2844.893311,2851.621338,2868.349609,2870.150879,2809.329102,2799.375244,2855.442627,2864.858398,2897.313965,2875.340820,2929.604004,2951.104980,2952.871338,2947.831299,2938.588135,2920.821533,2890.553223,2879.031006,2848.961914,2811.442139,2816.250977,2809.551514,2831.622314,2846.638672,2841.942627,2837.234619
-755.697693,-780.438904,-828.870483,-836.974976,-855.237366,-882.911255,-771.696777,-754.981079,-711.857300,-694.854126,-673.734863,-764.707703,-783.206116,-814.127747,-830.823730,-853.236511,-908.716064,-949.432983,-956.839050,-956.377136,-898.953491,-887.377502,-712.157898,-694.416443,-535.328735,-418.419830,-724.766296,-751.816284,-832.636963,-923.509338,-888.620117,-749.948730,-686.195618,-661.211060,-602.004578,-495.024536,-360.402374,-764.302979,-833.323914,-876.962341,-887.235168,-857.662903,-834.128479,-700.946289,-635.910706,-614.073608
502.588379,507.233887,506.106384,502.397583,497.855164,487.212860,538.406189,540.537231,556.670166,561.211182,567.287720,510.446442,511.416016,504.200623,505.273376,490.443542,466.245972,444.183502,447.859436,450.207733,475.294373,483.086945,554.395630,560.195740,562.834045,537.787903,526.444641,530.196899,501.769623,470.997192,503.914856,562.796570,574.352417,575.249207,569.708374,557.855530,522.555237,507.795959,474.635803,447.299072,449.443024,474.196289,484.394043,552.498291,577.173279,578.274658
2861.578857,2863.716553,2855.533203,2849.157715,2856.447021,2849.648193,2887.717773,2876.874512,2878.732666,2883.279785,2885.573730,2835.567627,2829.182129,2812.312012,2817.615723,2805.011963,2801.727051,2799.416504,2800.465088,2801.139893,2790.287842,2795.521484,2827.850586,2835.815674,2824.792969,2822.429932,2829.270752,2847.603271,2863.938965,2842.933350,2885.307373,2927.375244,2934.462891,2934.149902,2922.885010,2913.070557,2907.489502,2846.819336,2801.426270,2784.038818,2780.517822,2779.050293,2779.747803,2791.928467,2799.631104,2799.719971
-586.187683,-600.452026,-633.870728,-633.581909,-632.911743,-646.104736,-616.623291,-620.689087,-597.501465,-587.309998,-578.377197,-582.050354,-595.347473,-598.900757,-600.233765,-606.396301,-633.781128,-687.491821,-698.487427,-700.297607,-654.406006,-645.357178,-577.321167,-569.097534,-465.000397,-361.078491,-553.960449,-565.622681,-613.598267,-669.131348,-704.090332,-627.809570,-598.563293,-584.635620,-539.786987,-449.026489,-350.761566,-570.341797,-594.616089,-623.136597,-629.706665,-621.456421,-606.346375,-540.985229,-527.634766,-520.117432
109.280548,118.542511,129.542664,129.794952,139.659470,137.563324,148.293732,141.937561,144.522308,147.089294,150.557190,122.705032,124.895599,130.079636,142.031494,138.277893,138.987259,110.225937,112.964973,114.379532,125.006531,131.429962,149.745056,155.119766,144.008331,113.288345,137.137070,153.990356,150.601257,129.538101,115.553085,153.860306,158.831558,157.558365,147.164246,130.315338,92.218414,125.958389,119.847305,104.455292,106.609489,119.112877,121.631439,152.528885,159.341171,158.691010
2797.952637,2794.786621,2768.481445,2774.824219,2771.690918,2752.958496,2775.252197,2775.458984,2804.426025,2809.666992,2808.837891,2771.234863,2769.679443,2777.349121,2784.754883,2767.310059,2761.817871,2713.660156,2709.427246,2707.230469,2742.247070,2746.223633,2755.023438,2754.088379,2743.567383,2749.488770,2752.990967,2745.425293,2753.806152,2769.111816,2828.235352,2843.733154,2842.016846,2840.433350,2839.680664,2842.266602,2839.169434,2780.021240,2734.296387,2702.262207,2713.956055,2705.987305,2738.097168,2751.564453,2752.604004,2748.752441
-414.515137,-424.674713,-449.488708,-448.150391,-441.039490,-448.643066,-447.647522,-460.707275,-450.585754,-443.797638,-438.721436,-406.374390,-417.561798,-414.068787,-413.453339,-412.850189,-430.729462,-478.149323,-490.083435,-492.214355,-455.525116,-448.310516,-425.648834,-421.086823,-329.972351,-230.348969,-380.503479,-385.852509,-423.199768,-462.618164,-527.271851,-475.598999,-462.872131,-453.374695,-414.134979,-327.294830,-245.005676,-387.780151,-397.518738,-414.713104,-420.483704,-419.337677,-411.318359,-377.046143,-384.102600,-381.678741
-61.610153,-48.387863,-28.791412,-26.519531,-8.607422,-3.727264,-26.820679,-41.080109,-48.422363,-48.366333,-48.067444,-43.558884,-38.749268,-21.200546,-4.633957,0.749008,16.835083,-12.627518,-11.864624,-11.187683,-9.880585,-5.653503,-38.579849,-36.684784,-56.590790,-90.018265,-32.555237,-9.194000,-0.347107,2.928055,-48.364304,-35.210129,-42.663864,-46.899994,-60.804718,-80.027832,-125.344978,-33.566772,-19.188019,-20.044647,-16.505325,-15.361664,-19.340332,-22.462814,-34.441284,-39.441620
2818.289307,2813.024658,2772.634766,2790.563477,2788.093018,2765.697021,2766.895508,2769.029541,2820.337646,2826.026611,2820.285400,2794.739746,2795.901123,2823.979004,2836.228760,2819.098389,2815.862061,2724.786865,2717.500732,2712.970215,2776.261475,2783.193359,2779.393799,2772.646484,2723.563965,2724.843994,2764.466553,2746.120605,2762.644043,2788.914795,2855.934814,2851.685059,2845.221680,2840.539307,2841.497803,2837.904053,2817.423096,2796.207031,2761.818604,2709.042725,2732.210693,2716.307373,2771.107422,2789.899902,2781.644775,2772.775391
-584.067871,-592.318970,-617.956726,-609.402466,-594.046692,-598.186279,-625.096008,-641.574707,-625.445984,-619.504639,-618.955078,-570.564087,-579.997681,-560.766541,-548.301270,-543.034180,-550.856689,-626.120850,-640.186584,-644.045898,-600.487976,-591.140991,-590.960449,-589.011902,-526.187622,-430.849335,-551.576111,-554.234558,-573.456970,-610.849365,-688.003052,-652.182129,-642.756592,-636.292786,-599.848389,-521.421814,-446.710144,-554.239990,-542.570007,-567.550537,-571.739685,-576.864197,-564.139648,-539.149048,-559.174866,-560.510864
-121.870499,-111.187576,-96.196564,-95.399223,-79.489159,-76.465118,-72.494019,-81.610809,-82.010124,-79.514648,-75.522552,-106.766563,-105.026428,-97.586349,-80.906113,-81.724144,-73.696625,-105.737404,-103.056068,-102.076385,-98.335144,-91.427032,-76.110123,-68.918884,-83.667236,-114.983719,-91.511757,-67.901306,-59.046875,-91.082199,-113.650467,-71.666092,-62.274368,-62.877319,-73.961273,-92.335480,-126.104820,-103.461182,-99.983795,-114.832336,-115.337219,-104.781593,-106.725525,-79.598557,-71.655396,-70.862335
2722.764404,2715.705322,2679.756836,2686.678711,2674.067627,2648.020752,2672.936035,2682.073486,2720.956299,2727.932861,2729.289795,2692.058105,2692.381104,2700.299316,2703.214111,2685.821045,2678.386475,2620.739014,2614.476807,2611.935547,2664.040283,2666.341309,2666.321533,2662.161133,2686.185547,2704.156494,2670.964111,2647.541504,2637.395996,2685.447510,2750.083252,2756.999512,2751.562988,2752.272705,2758.816650,2776.941162,2793.126709,2701.623047,2645.408936,2613.890869,2632.445068,2622.773682,2666.892090,2680.282715,2684.469971,2680.396484
0.000000,0.000000,0.000000,0.000000,0.000000,0.000000,0.000000,0.000000,0.000000,0.000000,0.000000,0.000000,0.000000,0.000000,0.000000,0.000000,0.000000,0.000000,0.000000,0.000000,0.000000,0.000000,0.000000,0.000000,0.000000,0.000000,0.000000,0.000000,0.000000,0.000000,0.000000,0.000000,0.000000,0.000000,0.000000,0.000000,0.000000,0.000000,0.000000,0.000000,0.000000,0.000000,0.000000,0.000000,0.000000,0.000000
0.000000,0.000000,0.000000,0.000000,0.000000,0.000000,0.000000,0.000000,0.000000,0.000000,0.000000,0.000000,0.000000,0.000000,0.000000,0.000000,0.000000,0.000000,0.000000,0.000000,0.000000,0.000000,0.000000,0.000000,0.000000,0.000000,0.000000,0.000000,0.000000,0.000000,0.000000,0.000000,0.000000,0.000000,0.000000,0.000000,0.000000,0.000000,0.000000,0.000000,0.000000,0.000000,0.000000,0.000000,0.000000,0.000000
0.000000,0.000000,0.000000,0.000000,0.000000,0.000000,0.000000,0.000000,0.000000,0.000000,0.000000,0.000000,0.000000,0.000000,0.000000,0.000000,0.000000,0.000000,0.000000,0.000000,0.000000,0.000000,0.000000,0.000000,0.000000,0.000000,0.000000,0.000000,0.000000,0.000000,0.000000,0.000000,0.000000,0.000000,0.000000,0.000000,0.000000,0.000000,0.000000,0.000000,0.000000,0.000000,0.000000,0.000000,0.000000,0.000000
-719.253601,-722.122498,-772.162109,-778.118958,-777.156128,-824.740845,-776.685303,-781.700256,-783.320435,-796.228577,-798.193115,-720.011047,-733.035217,-737.537231,-725.461609,-720.827576,-787.281311,-816.360718,-838.413208,-837.362244,-808.191772,-797.899536,-762.212280,-763.661560,-691.557251,-588.114624,-675.809814,-681.899170,-781.109131,-891.176880,-975.251648,-838.115662,-809.669373,-785.861206,-769.145325,-689.169189,-563.649048,-705.265686,-752.493408,-769.676270,-784.974121,-772.556580,-766.408752,-716.074097,-709.067993,-701.758240
23.776901,34.862518,20.598877,16.960129,40.226044,21.653015,82.750504,78.765839,82.618347,66.966217,69.414856,40.978043,30.569336,41.139618,62.365555,80.018082,30.534988,-27.178101,-48.312592,-45.071060,7.496078,14.916733,63.821594,62.897614,47.646912,30.415039,42.258911,62.248062,92.911697,-1.936600,-11.874695,67.660797,78.031616,86.401398,77.083740,68.100769,58.452957,35.246094,29.917145,-9.224579,-20.519089,-20.038162,-3.030396,62.676880,56.419464,60.443176
2671.254639,2665.168457,2634.050781,2627.117920,2617.841553,2610.947510,2642.460693,2648.232178,2671.890869,2687.422852,2701.797607,2627.030518,2616.124512,2600.740967,2599.041260,2589.784180,2538.603271,2564.028320,2582.726318,2587.625732,2581.379150,2583.270752,2603.605225,2609.253906,2670.201172,2730.594238,2619.710205,2617.489502,2570.995850,2638.300293,2749.380859,2708.515137,2714.842041,2718.476807,2737.519043,2755.198975,2823.077393,2634.818359,2561.495117,2574.168701,2578.883789,2571.996338,2576.656738,2607.785889,2618.954590,2616.832275
-551.294373,-572.005127,-613.115784,-622.775879,-638.307922,-661.382996,-570.855530,-561.007996,-531.672058,-516.784607,-498.568268,-557.719238,-575.247742,-606.896301,-623.214294,-641.418518,-690.544739,-716.592834,-724.000854,-723.446472,-676.754028,-668.385681,-527.681580,-512.500366,-359.822754,-247.169693,-518.975586,-540.202942,-621.231628,-695.086182,-684.924744,-564.948059,-515.187744,-493.112549,-439.197784,-334.504517,-210.472855,-550.169128,-614.541870,-645.299377,-656.162903,-631.774963,-615.822876,-507.636902,-457.892273,-440.762848
64.684357,73.073517,81.051392,81.031372,85.410858,78.565979,89.778809,85.277588,89.429779,91.586273,93.710968,77.063141,80.379761,84.536957,92.442841,87.331635,82.484833,57.592865,60.003235,61.749359,78.709839,84.114044,94.871246,97.297821,88.852264,58.154236,89.762360,99.813324,84.047028,81.758728,70.173737,98.430817,95.306976,92.574158,82.258820,66.734924,21.806610,81.707153,68.667938,55.569672,60.243622,73.560852,79.802002,108.155670,109.556183,106.187775
2893.994141,2895.103027,2877.422119,2885.508789,2894.256348,2883.581299,2897.316406,2887.496338,2909.427734,2912.800537,2908.192627,2872.811279,2869.569824,2879.808838,2894.854248,2877.812500,2875.188232,2829.272461,2826.881592,2824.553467,2844.893311,2851.621338,2868.349609,2870.150879,2809.329102,2799.375244,2855.442627,2864.858398,2897.313965,2875.340820,2929.604004,2951.104980,2952.871338,2947.831299,2938.588135,2920.821533,2890.553223,2879.031006,2848.961914,2811.442139,2816.250977,2809.551514,2831.622314,2846.638672,2841.942627,2837.234619
-540.186768,-541.364685,-593.323486,-606.587891,-607.182495,-631.565735,-560.645935,-558.443848,-527.659485,-532.563904,-524.848022,-529.259155,-550.477600,-565.187378,-558.255066,-555.112488,-594.746338,-607.856445,-645.020142,-653.924377,-639.666565,-631.627686,-541.114929,-533.204102,-439.155945,-374.466064,-505.843323,-510.240845,-608.080566,-659.992188,-732.387939,-612.637512,-575.204285,-546.597168,-520.899719,-424.699249,-337.511292,-505.722961,-578.192444,-579.485962,-593.598511,-606.818420,-591.218933,-485.457275,-467.805023,-451.818298
243.595047,260.412842,249.865311,251.755280,275.448425,250.332611,295.015747,288.850769,266.965393,241.462860,215.161453,253.313492,249.731491,263.652313,288.566711,310.030457,262.439087,177.290817,168.221237,179.159561,233.713806,240.988281,248.127029,238.286118,162.203217,68.257133,272.982239,293.114258,331.708740,199.424835,102.434052,248.698196,245.865799,244.787857,219.732849,171.471283,64.926514,241.026779,263.873962,237.023727,227.053162,240.801346,251.860138,272.499023,256.178955,249.527557
2645.932129,2661.807129,2681.860840,2680.074951,2684.984863,2676.441650,2725.145752,2715.016602,2710.905273,2702.463867,2691.561768,2629.242432,2641.494385,2660.738525,2673.291504,2682.196289,2597.797363,2576.811523,2589.911865,2600.295654,2648.535889,2656.446289,2645.801025,2633.750977,2584.979004,2560.771484,2629.183350,2643.663818,2683.247803,2621.733398,2651.702637,2716.005615,2719.860107,2718.718018,2713.934814,2708.888428,2661.811523,2671.779785,2654.934082,2653.527588,2637.355469,2645.108643,2648.944092,2656.432373,2643.478271,2635.520508
-551.289429,-572.000183,-613.110840,-622.770935,-638.302979,-661.378052,-570.850586,-561.003052,-531.667114,-516.779663,-498.563354,-557.714294,-575.242798,-606.891357,-623.209351,-641.413574,-690.539795,-716.587891,-723.995911,-723.441528,-676.749084,-668.380737,-527.676636,-512.495422,-359.817841,-247.164764,-518.970642,-540.197998,-621.226685,-695.081238,-684.919800,-564.943115,-515.182800,-493.107635,-439.192871,-334.499603,-210.467926,-550.164185,-614.536926,-645.294434,-656.157959,-631.770020,-615.817932,-507.631989,-457.887360,-440.757935
-224.217407,-215.828247,-207.850372,-207.870392,-203.490906,-210.335785,-199.122955,-203.624176,-199.471985,-197.315491,-195.190796,-211.838623,-208.522003,-204.364807,-196.458923,-201.570129,-206.416931,-231.308899,-228.898529,-227.152405,-210.191925,-204.787720,-194.030518,-191.603943,-200.049500,-230.747528,-199.139404,-189.088440,-204.854736,-207.143036,-218.728027,-190.470947,-193.594788,-196.327606,-206.642944,-222.166840,-267.095154,-207.194611,-220.233826,-233.332092,-228.658142,-215.340912,-209.099762,-180.746094,-179.345581,-182.713989
2893.994141,2895.103027,2877.422119,2885.508789,2894.256348,2883.581299,2897.316406,2887.496338,2909.427734,2912.800537,2908.192627,2872.811279,2869.569824,2879.808838,2894.854248,2877.812500,2875.188232,2829.272461,2826.881592,2824.553467,2844.893311,2851.621338,2868.349609,2870.150879,2809.329102,2799.375244,2855.442627,2864.858398,2897.313965,2875.340820,2929.604004,2951.104980,2952.871338,2947.831299,2938.588135,2920.821533,2890.553223,2879.031006,2848.961914,2811.442139,2816.250977,2809.551514,2831.622314,2846.638672,2841.942627,2837.234619
0.000000,0.000000,0.000000,0.000000,0.000000,0.000000,0.000000,0.000000,0.000000,0.000000,0.000000,0.000000,0.000000,0.000000,0.000000,0.000000,0.000000,0.000000,0.000000,0.000000,0.000000,0.000000,0.000000,0.000000,0.000000,0.000000,0.000000,0.000000,0.000000,0.000000,0.000000,0.000000,0.000000,0.000000,0.000000,0.000000,0.000000,0.000000,0.000000,0.000000,0.000000,0.000000,0.000000,0.000000,0.000000,0.000000
0.000000,0.000000,0.000000,0.000000,0.000000,0.000000,0.000000,0.000000,0.000000,0.000000,0.000000,0.000000,0.000000,0.000000,0.000000,0.000000,0.000000,0.000000,0.000000,0.000000,0.000000,0.000000,0.000000,0.000000,0.000000,0.000000,0.000000,0.000000,0.000000,0.000000,0.000000,0.000000,0.000000,0.000000,0.000000,0.000000,0.000000,0.000000,0.000000,0.000000,0.000000,0.000000,0.000000,0.000000,0.000000,0.000000
0.000000,0.000000,0.000000,0.000000,0.000000,0.000000,0.000000,0.000000,0.000000,0.000000,0.000000,0.000000,0.000000,0.000000,0.000000,0.000000,0.000000,0.000000,0.000000,0.000000,0.000000,0.000000,0.000000,0.000000,0.000000,0.000000,0.000000,0.000000,0.000000,0.000000,0.000000,0.000000,0.000000,0.000000,0.000000,0.000000,0.000000,0.000000,0.000000,0.000000,0.000000,0.000000,0.000000,0.000000,0.000000,0.000000
0.000000,0.000000,0.000000,0.000000,0.000000,0.000000,0.000000,0.000000,0.000000,0.000000,0.000000,0.000000,0.000000,0.000000,0.000000,0.000000,0.000000,0.000000,0.000000,0.000000,0.000000,0.000000,0.000000,0.000000,0.000000,0.000000,0.000000,0.000000,0.000000,0.000000,0.000000,0.000000,0.000000,0.000000,0.000000,0.000000,0.000000,0.000000,0.000000,0.000000,0.000000,0.000000,0.000000,0.000000,0.000000,0.000000
0.000000,0.000000,0.000000,0.000000,0.000000,0.000000,0.000000,0.000000,0.000000,0.000000,0.000000,0.000000,0.000000,0.000000,0.000000,0.000000,0.000000,0.000000,0.000000,0.000000,0.000000,0.000000,0.000000,0.000000,0.000000,0.000000,0.000000,0.000000,0.000000,0.000000,0.000000,0.000000,0.000000,0.000000,0.000000,0.000000,0.000000,0.000000,0.000000,0.000000,0.000000,0.000000,0.000000,0.000000,0.000000,0.000000
0.000000,0.000000,0.000000,0.000000,0.000000,0.000000,0.000000,0.000000,0.000000,0.000000,0.000000,0.000000,0.000000,0.000000,0.000000,0.000000,0.000000,0.000000,0.000000,0.000000,0.000000,0.000000,0.000000,0.000000,0.000000,0.000000,0.000000,0.000000,0.000000,0.000000,0.000000,0.000000,0.000000,0.000000,0.000000,0.000000,0.000000,0.000000,0.000000,0.000000,0.000000,0.000000,0.000000,0.000000,0.000000,0.000000
-686.803406,-684.133179,-646.002136,-624.613037,-599.998352,-601.814209,-612.864929,-617.731323,-590.360291,-595.853027,-600.364746,-665.686646,-659.417908,-613.090881,-605.037903,-587.596680,-584.196228,-593.255737,-586.863708,-583.194092,-550.203979,-565.748535,-571.294495,-565.585327,-516.271484,-489.235535,-629.224426,-613.633057,-539.044067,-570.687866,-740.630249,-639.140564,-625.060791,-614.989441,-580.141479,-572.968567,-545.759033,-607.221680,-506.092316,-477.768494,-483.267212,-490.231659,-482.858887,-516.876831,-518.031433,-514.579712
-550.869019,-542.580017,-525.252441,-524.999634,-506.481476,-476.548523,-493.848816,-497.354858,-504.016602,-504.677856,-504.837006,-537.456543,-538.359619,-532.913574,-516.504028,-514.888855,-501.884277,-499.783539,-491.263672,-487.776825,-494.275452,-502.259155,-507.539368,-503.075989,-523.392578,-547.908508,-523.586731,-499.019135,-465.763062,-514.120483,-551.142883,-506.446411,-497.514099,-498.004761,-509.998169,-528.937439,-549.997559,-540.293701,-510.079132,-465.349609,-494.131927,-494.099243,-504.595398,-509.911865,-504.291412,-503.978973
2713.049072,2722.219971,2765.505127,2780.053467,2784.707764,2832.560059,2803.495117,2827.610840,2844.480225,2843.603271,2829.421631,2705.110596,2715.462646,2748.477051,2746.739014,2757.514893,2781.583740,2815.042725,2817.033691,2817.759277,2838.285400,2812.604492,2756.297363,2737.248535,2706.067139,2659.799072,2714.845459,2715.580078,2803.328857,2803.177002,2762.764404,2824.472168,2824.223633,2825.252686,2826.561768,2783.927979,2723.855957,2730.329590,2801.484619,2814.160400,2834.082031,2805.699463,2827.668213,2777.025146,2762.662842,2753.597900
-69.832520,-78.341736,-128.691559,-159.245911,-223.243073,-167.538391,-132.320923,-128.254517,-79.945709,-81.419220,-73.785553,-42.863068,-74.081909,-106.237671,-140.471985,-191.048584,-129.403412,-150.264099,-154.059174,-158.655548,-214.395035,-221.121094,-22.340973,-20.074738,-63.645599,-27.472092,-21.164185,-40.127228,-173.495712,-142.259888,-213.943359,-100.235962,-103.259369,-111.049164,-117.152374,-114.224503,-56.610001,-47.296692,-119.738831,-115.328827,-108.339050,-179.399261,-181.796814,-10.321075,-3.960358,-14.994598
-162.504776,-57.572552,180.458771,239.046631,329.779999,319.543793,136.401276,112.513092,3.680218,-50.035542,-153.517273,-107.907440,3.945065,167.133514,236.175140,306.189941,315.310852,280.565308,272.483398,276.985413,321.120483,309.669312,-16.827625,-111.215836,-393.821655,-475.600891,-90.096283,28.139004,329.913300,304.574890,207.034332,14.486240,-204.896957,-275.156555,-372.650391,-461.974335,-524.565979,1.171509,306.809143,303.898071,293.950439,314.734833,319.617706,26.682037,-197.058182,-252.305191
2673.248779,2649.841309,2642.207031,2664.652344,2646.771729,2753.614014,2630.993652,2644.758057,2664.007080,2655.692627,2671.081299,2670.652100,2632.638916,2623.106689,2606.423096,2600.409424,2714.949707,2747.890869,2749.818604,2738.426025,2644.646484,2606.507568,2612.766602,2647.263428,2751.132812,2773.161865,2616.705078,2578.653320,2660.137451,2752.102051,2718.205566,2675.854980,2732.166260,2756.712646,2809.959961,2811.018555,2815.567139,2610.154297,2675.940674,2723.940430,2731.105713,2587.944824,2608.849854,2616.080078,2698.645752,2713.697266
-683.043518,-682.414062,-672.015320,-667.998596,-667.629150,-676.324219,-687.553040,-692.510681,-663.279480,-667.982178,-672.315735,-653.855713,-656.130127,-629.385864,-636.882324,-642.707520,-644.184204,-652.065308,-646.871643,-645.636353,-621.029602,-637.938354,-639.047668,-635.509888,-618.779419,-593.209351,-642.049011,-637.924988,-638.007263,-631.506531,-719.967957,-693.286255,-691.688477,-686.130249,-669.001953,-670.392761,-650.034790,-644.523438,-583.545776,-570.388367,-566.293518,-578.418396,-563.209412,-600.715454,-579.646362,-576.898926
-916.080688,-911.709961,-927.302856,-929.428101,-917.233521,-927.322510,-930.837646,-939.249695,-928.744873,-932.114380,-930.749146,-934.322632,-929.688416,-929.708374,-916.102173,-933.389160,-924.029541,-932.265137,-927.113281,-929.034180,-929.175293,-928.220337,-933.244385,-927.419006,-943.881714,-948.634521,-916.906982,-913.097656,-946.697388,-936.049561,-948.811768,-923.273865,-923.307617,-930.089600,-942.029297,-936.625244,-927.038391,-943.488281,-937.778076,-932.785400,-929.895325,-936.585083,-934.733643,-944.081177,-939.027954,-940.111572
2736.495361,2739.008789,2747.557373,2751.977539,2732.214600,2742.647949,2736.127930,2754.600342,2754.812256,2741.527344,2733.704834,2728.702881,2728.986084,2736.768066,2724.285645,2707.791992,2715.140137,2730.068115,2725.128174,2724.116455,2752.629639,2724.313965,2712.876465,2704.851807,2708.858643,2700.918213,2682.724854,2672.460938,2696.054932,2701.882080,2805.853027,2800.527100,2804.242188,2804.684814,2802.589600,2798.409180,2774.093994,2727.572510,2700.174561,2712.676025,2728.846680,2698.409424,2734.483398,2658.675049,2685.892822,2682.149170
-48.037674,-48.944317,-37.516884,-21.158585,52.778809,176.732666,-91.573921,-47.881012,73.600967,101.854111,115.979370,-1.966488,-3.633621,19.124397,47.209061,115.371674,252.191071,298.525513,323.682465,333.241150,54.359604,-22.743774,41.531067,77.375778,158.307388,131.571472,40.241692,43.575714,183.536545,291.152588,196.943756,-16.648209,62.242386,91.961594,118.228699,72.109436,44.080360,96.857208,267.731171,330.428284,358.298615,223.896179,64.527039,82.715111,152.715088,169.456421
-511.899841,-423.270050,-131.128418,-46.746918,126.581589,382.403900,-227.403503,-284.889282,-449.870056,-525.810608,-591.105225,-430.956024,-327.579193,-111.247559,-23.515442,136.767334,472.541779,500.395538,465.046326,434.224670,50.654633,-4.063629,-472.846069,-537.581238,-890.995361,-934.103271,-422.495056,-319.560394,288.722778,479.257874,66.433289,-458.515259,-682.929565,-761.672424,-870.295898,-938.787476,-929.463440,-342.609589,418.495544,550.360229,484.012695,169.982605,41.429657,-412.735718,-630.590210,-692.247986
2901.776611,2918.105225,2920.614990,2932.856201,2888.072754,2778.350342,2880.623535,2890.072998,2872.796631,2839.087402,2811.383789,2876.720459,2874.673096,2872.865234,2873.802490,2828.254150,2659.269287,2620.710449,2639.355957,2658.927490,2883.317383,2854.343018,2831.829590,2829.772705,2749.477539,2795.305176,2820.680176,2811.140625,2738.632568,2632.118408,2767.658936,2866.415039,2829.158203,2804.257080,2785.307129,2809.705811,2844.908936,2871.069336,2638.705322,2572.534912,2606.209717,2757.025146,2845.620117,2867.015381,2832.386719,2803.419678
0.000000,0.000000,0.000000,0.000000,0.000000,0.000000,0.000000,0.000000,0.000000,0.000000,0.000000,0.000000,0.000000,0.000000,0.000000,0.000000,0.000000,0.000000,0.000000,0.000000,0.000000,0.000000,0.000000,0.000000,0.000000,0.000000,0.000000,0.000000,0.000000,0.000000,0.000000,0.000000,0.000000,0.000000,0.000000,0.000000,0.000000,0.000000,0.000000,0.000000,0.000000,0.000000,0.000000,0.000000,0.000000,0.000000
0.000000,0.000000,0.000000,0.000000,0.000000,0.000000,0.000000,0.000000,0.000000,0.000000,0.000000,0.000000,0.000000,0.000000,0.000000,0.000000,0.000000,0.000000,0.000000,0.000000,0.000000,0.000000,0.000000,0.000000,0.000000,0.000000,0.000000,0.000000,0.000000,0.000000,0.000000,0.000000,0.000000,0.000000,0.000000,0.000000,0.000000,0.000000,0.000000,0.000000,0.000000,0.000000,0.000000,0.000000,0.000000,0.000000
0.000000,0.000000,0.000000,0.000000,0.000000,0.000000,0.000000,0.000000,0.000000,0.000000,0.000000,0.000000,0.000000,0.000000,0.000000,0.000000,0.000000,0.000000,0.000000,0.000000,0.000000,0.000000,0.000000,0.000000,0.000000,0.000000,0.000000,0.000000,0.000000,0.000000,0.000000,0.000000,0.000000,0.000000,0.000000,0.000000,0.000000,0.000000,0.000000,0.000000,0.000000,0.000000,0.000000,0.000000,0.000000,0.000000
0.000000,0.000000,0.000000,0.000000,0.000000,0.000000,0.000000,0.000000,0.000000,0.000000,0.000000,0.000000,0.000000,0.000000,0.000000,0.000000,0.000000,0.000000,0.000000,0.000000,0.000000,0.000000,0.000000,0.000000,0.000000,0.000000,0.000000,0.000000,0.000000,0.000000,0.000000,0.000000,0.000000,0.000000,0.000000,0.000000,0.000000,0.000000,0.000000,0.000000,0.000000,0.000000,0.000000,0.000000,0.000000,0.000000
0.000000,0.000000,0.000000,0.000000,0.000000,0.000000,0.000000,0.000000,0.000000,0.000000,0.000000,0.000000,0.000000,0.000000,0.000000,0.000000,0.000000,0.000000,0.000000,0.000000,0.000000,0.000000,0.000000,0.000000,0.000000,0.000000,0.000000,0.000000,0.000000,0.000000,0.000000,0.000000,0.000000,0.000000,0.000000,0.000000,0.000000,0.000000,0.000000,0.000000,0.000000,0.000000,0.000000,0.000000,0.000000,0.000000
0.000000,0.000000,0.000000,0.000000,0.000000,0.000000,0.000000,0.000000,0.000000,0.000000,0.000000,0.000000,0.000000,0.000000,0.000000,0.000000,0.000000,0.000000,0.000000,0.000000,0.000000,0.000000,0.000000,0.000000,0.000000,0.000000,0.000000,0.000000,0.000000,0.000000,0.000000,0.000000,0.000000,0.000000,0.000000,0.000000,0.000000,0.000000,0.000000,0.000000,0.000000,0.000000,0.000000,0.000000,0.000000,0.000000
-673.083862,-692.407227,-734.018738,-738.387390,-748.280396,-768.794800,-696.874817,-690.237183,-656.987061,-642.968872,-627.916138,-675.631470,-691.915222,-710.383850,-719.590210,-734.850464,-776.769165,-822.848511,-831.839844,-832.465088,-780.805481,-770.988647,-646.337646,-633.145691,-501.920807,-391.557831,-641.881104,-661.201843,-728.868164,-801.528931,-800.543213,-691.728577,-644.312256,-624.437500,-572.582275,-473.694641,-355.665222,-669.673523,-719.187805,-755.141357,-763.301636,-744.811890,-724.963745,-623.872864,-583.630798,-569.140076
310.301422,316.872742,321.579315,320.549286,323.367249,315.222839,346.244812,345.220581,354.260864,358.119080,362.909363,320.572784,321.679047,319.552734,326.833008,317.043335,306.405273,279.634338,283.390289,285.391113,304.120911,311.400208,356.835083,363.041382,358.145691,329.077698,336.307617,346.528381,330.899506,303.153259,312.113556,361.158722,370.132233,370.005371,361.711487,346.812317,310.161743,320.430756,299.280518,276.349060,279.140259,298.297394,306.295807,356.088440,371.730682,372.533997
2825.378418,2825.208252,2810.767090,2811.027344,2812.301514,2799.058105,2830.588623,2825.366455,2838.205078,2842.354248,2842.888184,2799.070801,2795.217773,2792.559082,2799.788330,2782.160400,2776.511475,2754.557373,2752.865723,2752.008057,2764.343262,2767.679932,2787.189209,2790.772949,2782.260010,2784.477295,2788.266602,2794.019531,2807.592285,2801.042480,2853.461670,2883.124023,2885.641357,2884.460693,2879.204102,2877.110596,2873.063965,2811.127441,2764.979004,2743.057617,2745.584229,2742.434082,2757.194580,2768.037598,2772.150635,2770.918945
69.852654,69.890045,69.989754,70.022705,70.089737,70.190956,70.921066,70.957916,71.056274,71.094917,71.117416,72.556458,72.592003,72.658173,72.695557,72.757965,72.889816,73.057922,73.121452,73.155708,73.358894,73.395493,73.755173,73.792084,73.994926,74.091850,75.195000,75.226234,75.460342,75.729782,76.025330,76.562912,76.660103,76.695000,76.757805,76.861862,76.996773,78.031830,78.328049,78.530922,78.628815,78.796387,78.865486,79.263100,79.396553,79.431831
