19,46
0.000000,-1.000000,4.000000,-1.000000,4.000000,-1.000000,4.000000,-1.000000,4.000000,-1.000000,7.000000,0.000000,-1.000000,4.000000,-1.000000,4.000000,-1.000000,4.000000,7.000000,-1.000000,4.000000,-1.000000,4.000000,7.000000,0.000000,7.000000,0.000000,4.000000,-1.000000,7.000000,-1.000000,4.000000,7.000000,0.000000,7.000000,0.000000,7.000000,4.000000,-1.000000,4.000000,-1.000000,4.000000,-1.000000,4.000000,7.000000,0.000000
24.384508,26.029112,29.513622,30.168720,33.654625,36.417389,26.217829,22.835852,18.064039,17.007257,15.805770,26.263021,26.912464,30.703388,33.062790,35.880074,40.648621,39.850792,39.452187,39.214722,35.617584,35.305229,20.187763,19.544373,14.022892,12.135848,25.437635,29.113146,35.203129,38.112686,26.894556,19.910009,16.655529,15.608829,13.462061,11.155350,8.930368,28.157269,35.564800,38.791672,38.510342,35.672611,33.048553,22.546053,15.602381,14.122108
12.872422,12.247849,14.548465,17.445293,18.573990,24.025314,16.203287,15.547394,19.719803,21.849295,22.093191,16.439890,17.884270,22.822130,22.824947,21.553875,34.140934,18.200506,18.142578,16.876963,23.554335,23.373703,21.363220,21.333021,19.496572,18.414047,12.326161,9.946175,26.418087,34.331593,37.964638,23.417240,20.844706,18.581858,21.845404,22.698528,15.267925,16.934706,25.282009,18.051954,21.267748,19.252522,24.288574,21.250889,18.167622,17.441204
-107.205025,-107.950874,-109.309853,-109.752708,-110.377869,-110.919136,-102.815025,-101.418053,-99.480736,-98.798820,-97.743774,-108.076546,-108.987732,-111.707497,-111.933731,-113.877739,-116.376358,-117.236320,-116.606140,-116.489952,-115.757607,-114.929001,-100.613403,-99.110397,-97.719772,-97.060646,-106.825768,-106.745766,-106.703590,-117.476959,-108.738434,-100.311974,-95.523132,-94.498055,-93.702972,-93.461479,-90.214287,-110.055710,-113.481056,-117.766533,-118.610207,-116.016846,-115.287148,-106.276627,-100.528587,-98.872429
79.469315,81.141487,76.885101,73.469055,72.147102,-66.146667,75.398186,76.440468,70.621750,-68.186737,-68.124840,76.227425,74.811562,69.339546,69.672127,73.107445,57.178318,72.489922,-71.937370,-73.255295,67.170929,67.127007,68.697029,-68.672195,70.754997,-71.805138,81.001770,82.271324,65.118118,-55.934681,-58.131077,66.630035,-69.155708,71.490250,-68.292953,67.306610,-75.083229,76.748299,66.287903,72.689529,69.131111,71.117310,66.850159,68.982742,72.112137,73.056450
50.643047,62.802864,91.631004,100.019699,109.420563,103.686066,89.647705,91.275879,79.439308,72.827492,59.619934,54.251160,69.962601,88.936668,95.116180,103.741379,93.218727,93.676712,92.974007,93.727135,105.859329,105.030357,72.686279,60.905003,31.562809,24.992584,56.139313,66.443275,105.561409,95.170235,100.099800,77.056343,52.049786,44.724045,35.143990,23.185268,25.375422,67.521599,102.744637,99.921890,96.998505,105.282951,109.429016,75.041748,51.848045,46.644840
37.193211,37.811073,38.269272,37.527111,41.192127,50.307213,37.582043,35.807880,27.363752,26.350899,24.404245,38.727894,37.715633,38.645931,41.347973,43.484524,47.853592,49.408768,48.531132,48.319820,40.075623,39.820587,25.565060,23.878666,15.244108,15.934565,37.028202,40.310215,45.310730,39.569141,33.947140,24.508085,23.077349,22.410810,20.083488,16.543974,14.266075,35.894417,40.963531,45.494221,42.875408,40.332214,33.708752,25.507673,17.892151,16.765902
53.146915,44.606888,42.843933,39.848412,35.407768,50.505844,40.306374,44.581875,40.056156,40.291328,51.193649,52.736816,39.455891,24.031782,17.087717,21.558958,33.936264,61.074520,62.661549,62.250401,38.870373,31.126713,38.476967,49.734241,97.073067,102.779137,51.743046,43.354504,34.932125,53.680313,39.001915,40.182541,59.934200,68.717194,80.360184,87.961945,94.936279,40.366570,42.560387,62.155754,59.847347,43.375633,38.765419,35.387501,60.288303,66.945480
110.588943,113.503593,123.275406,123.767456,128.704895,139.853119,127.416046,-125.807785,-117.207756,-116.305336,-114.399956,114.972900,115.374519,119.510948,122.260933,126.099091,132.066299,138.438446,138.226257,138.140106,129.579697,128.257919,115.495277,113.848778,103.978035,94.565269,117.550095,124.261566,-135.280136,126.138351,113.045067,114.020432,-113.056625,-112.295479,-109.946823,103.341278,91.232758,114.922768,130.282913,135.492615,132.766403,130.212769,123.465317,114.515305,107.871704,-106.741928
0.000000,0.000000,0.000000,0.000000,0.000000,0.000000,0.000000,0.000000,0.000000,0.000000,0.000000,0.000000,0.000000,0.000000,0.000000,0.000000,0.000000,0.000000,0.000000,0.000000,0.000000,0.000000,0.000000,0.000000,0.000000,0.000000,0.000000,0.000000,0.000000,0.000000,0.000000,0.000000,0.000000,0.000000,0.000000,0.000000,0.000000,0.000000,0.000000,0.000000,0.000000,0.000000,0.000000,0.000000,0.000000,0.000000
-89.999260,-89.999229,-89.999207,-89.999153,-89.999084,-89.999054,-89.999207,-89.999275,-89.999275,-89.999298,-89.999336,-89.999207,-89.999199,-89.999100,-89.999046,-89.999023,-89.999001,-89.999077,-89.999077,-89.999084,-89.999092,-89.999077,-89.999207,-89.999207,-89.999611,-89.999725,-89.999245,-89.999168,-89.999039,-89.999100,-89.999191,-89.999275,-89.999306,-89.999336,-89.999397,-89.999527,-89.999725,-89.999222,-89.999069,-89.999123,-89.999115,-89.999153,-89.999153,-89.999222,-89.999336,-89.999374
119.586014,118.171181,124.793037,128.211594,126.913780,129.379486,126.158279,125.986443,126.084572,128.123184,124.444405,118.418198,122.348183,125.278923,123.276909,117.955482,121.691879,108.644135,116.349922,118.583069,127.269745,128.274673,129.486755,128.426590,115.344955,100.998665,122.430351,120.509605,132.668365,123.005997,122.170143,129.981049,130.235199,126.861145,128.849823,122.049553,98.395973,116.938278,128.403671,121.614197,123.395920,130.878311,131.864243,127.690193,129.175797,127.208664
47.512341,49.452076,62.061012,61.745136,61.147781,67.582588,65.435356,64.213287,62.249420,63.940132,63.331467,48.823654,53.138439,55.438465,53.638916,52.692688,49.556232,55.059341,60.743748,62.689674,63.366451,64.290047,61.972546,60.991554,56.623634,48.875164,52.706566,55.138142,59.887104,59.493736,57.201092,59.999817,61.164127,59.646034,61.730438,60.893002,50.979465,55.866810,62.209705,68.368317,65.784035,69.879112,64.792648,63.353043,62.809025,61.570290
86.594597,100.004013,114.683327,114.042755,103.832611,39.030899,118.529709,110.707985,89.827148,80.456802,62.254196,86.147507,100.655922,113.134827,113.887444,100.628029,22.671379,-23.262539,-24.418400,25.993696,106.863976,120.827988,95.321091,76.277306,-14.743247,-9.362062,85.912704,98.022430,64.519859,23.095106,62.557621,96.825066,53.376629,37.401627,18.327381,8.501657,12.067414,93.688889,33.658936,-25.862761,26.343742,82.042641,113.118317,98.501541,54.006374,41.353531
10.837796,11.390342,-25.431799,-26.473820,-25.729010,56.165897,-28.751265,20.936579,7.904154,12.595370,30.144808,10.899629,10.914248,-26.506790,-33.954765,-29.999886,68.346588,93.489037,91.461800,84.962692,-17.469496,-32.838829,9.152143,17.747671,90.589951,92.661980,10.303815,8.134846,-26.848730,82.585190,28.812874,13.935965,41.564899,58.076519,80.027336,84.175705,84.056473,-3.785273,59.169266,93.277344,87.234154,7.957764,-24.078205,10.633452,42.134441,55.422707
-14.891249,-12.401110,-13.829157,-16.707293,-23.310308,-36.921524,-28.184063,-31.217062,-31.471245,-31.124662,-28.269144,-14.249838,-10.904540,-9.140843,-9.314813,-16.149351,-22.657482,-39.126461,-41.979198,-42.952663,-38.159977,-33.702499,-21.007570,-18.781404,15.149696,13.361485,-13.291450,-15.480964,-38.043877,-31.844736,-10.802576,-15.117227,-16.492792,-17.187586,-18.522856,6.788708,16.520414,-4.432703,-37.087368,-47.853943,-46.895321,-44.557171,-40.027088,-30.870731,-24.187895,-23.474909
91.539474,93.838127,-102.232986,-101.466698,-102.166595,-110.146568,-106.521751,-108.665039,-105.930099,-107.501122,-106.637459,95.171272,96.179092,-99.049385,-98.539360,-100.538345,-102.455376,-110.660172,-110.215294,-110.143074,-105.124496,-104.619797,-97.485016,-94.687599,-89.446503,-78.129143,102.985092,-105.158318,-103.345795,-105.901512,90.956581,-96.244331,-95.300415,-95.388992,-94.783882,-87.050346,-73.509102,-94.415642,-105.204567,-106.771812,-107.045059,-107.354691,-103.399666,-104.434921,-100.652443,-99.789162
29.017414,29.808319,29.623190,32.375908,36.128792,37.895420,31.377354,28.765875,30.720839,30.263725,28.195471,31.306097,31.413023,37.072971,40.917999,41.116142,42.680332,32.954319,32.880840,32.393284,34.081375,35.619377,35.011063,34.583729,14.784414,10.860675,29.086937,32.119484,41.295200,31.871672,32.227470,29.872652,30.027679,28.491064,26.337278,19.766682,11.226790,29.014019,36.205681,30.193016,30.278622,29.186893,31.114033,32.880219,29.032272,27.675806
69.852652,69.890044,69.989750,70.022707,70.089737,70.190959,70.921067,70.957919,71.056277,71.094914,71.117419,72.556455,72.592005,72.658170,72.695553,72.757966,72.889813,73.057921,73.121454,73.155707,73.358892,73.395496,73.755169,73.792086,73.994925,74.091851,75.195003,75.226238,75.460342,75.729783,76.025328,76.562912,76.660103,76.694996,76.757807,76.861863,76.996770,78.031831,78.328051,78.530922,78.628814,78.796388,78.865489,79.263100,79.396555,79.431832
