62,34
0.000000,7.000000,2.000000,7.000000,0.000000,7.000000,2.000000,7.000000,0.000000,7.000000,2.000000,7.000000,0.000000,7.000000,2.000000,7.000000,0.000000,7.000000,2.000000,7.000000,0.000000,7.000000,2.000000,7.000000,2.000000,7.000000,-1.000000,2.000000,7.000000,0.000000,7.000000,0.000000,7.000000,-1.000000
-382.354889,-382.205536,-374.053223,-365.871155,-384.849030,-384.183075,-381.706177,-374.664917,-379.284332,-379.878235,-381.646790,-395.782562,-382.676300,-385.625153,-386.186218,-383.426453,-380.982300,-377.951050,-370.482483,-365.843079,-360.714844,-363.262726,-377.659271,-400.756805,-381.908051,-386.487854,-393.128387,-398.930664,-396.888184,-388.847290,-362.465027,-358.902008,-350.132751,-349.980225
329.033813,326.979858,331.424683,333.310669,324.667145,318.506348,322.073425,318.169769,318.852112,330.810791,322.504578,320.073608,336.739136,334.186615,331.589478,317.432465,328.277283,333.671997,329.917297,327.010925,334.023407,333.256226,327.522156,314.914581,322.815216,314.903259,334.616364,330.627411,311.101593,316.625336,332.356079,337.406738,348.679688,347.665344
2552.253174,2552.910645,2578.327148,2567.066650,2564.400391,2561.766602,2590.604980,2572.028076,2558.276855,2562.154785,2584.023682,2581.205811,2534.300293,2536.628174,2557.541748,2564.895508,2552.827881,2568.616943,2583.120117,2580.843750,2556.662598,2556.935059,2593.790283,2605.221191,2595.873291,2592.599121,2554.833008,2592.907715,2596.053223,2566.110596,2546.700684,2547.301758,2550.844727,2550.308838
-69.097862,-68.175957,-42.304035,-36.980587,-57.937798,-59.299931,-45.339489,-41.341145,-53.114464,-56.101467,-48.669899,-61.494041,-86.272591,-74.684074,-58.440990,-55.231941,-70.441040,-60.413166,-39.118591,-36.693039,-54.812798,-56.164375,-46.924240,-65.034470,-48.112190,-49.455830,-72.878563,-63.306065,-59.345516,-67.031342,-78.279823,-80.454041,-89.339340,-90.315178
314.886688,313.448486,319.827667,320.137329,314.890503,315.038086,317.514069,311.798767,309.195984,310.057617,309.036194,321.612732,310.461365,306.524017,311.858795,315.639771,309.970978,315.369568,315.858582,317.668823,313.638214,310.868896,321.194580,327.846161,316.851074,317.968964,318.688171,324.616455,325.906952,323.367310,300.828278,300.716095,288.841400,286.828369
2679.739014,2678.688477,2640.404297,2644.844971,2651.826660,2656.885254,2624.435059,2629.396240,2647.668457,2658.815918,2640.335205,2632.013428,2695.131348,2666.997803,2638.722900,2646.256348,2685.888428,2684.347412,2649.751465,2656.772949,2699.649902,2697.493652,2661.470459,2644.080078,2645.427979,2622.289062,2663.319824,2626.437500,2613.812988,2667.296631,2727.114746,2735.615234,2758.224609,2758.828857
-223.088364,-223.279526,-209.046326,-200.898422,-216.976288,-221.611740,-215.513123,-204.903885,-210.382996,-210.245621,-213.925812,-231.009201,-224.416779,-217.236435,-215.984283,-221.031143,-219.514664,-216.752472,-204.251465,-201.103867,-200.766800,-201.127991,-213.862762,-242.599365,-217.112030,-221.307846,-229.742691,-232.906479,-238.894684,-237.332428,-208.755936,-207.328400,-202.221237,-201.991730
538.316895,537.523071,539.244019,541.253235,537.180420,533.725037,535.244019,531.723755,531.692566,535.869812,529.026062,537.020142,539.010376,535.482788,536.147034,532.330933,535.981689,539.070923,536.317261,536.401978,540.501770,538.129517,538.509216,536.972778,534.938232,533.195435,539.794373,539.417236,533.291138,536.579041,534.720581,535.751221,530.336914,528.806641
2640.385010,2640.998535,2641.330078,2630.964844,2621.605713,2622.520752,2624.212891,2605.661377,2614.602051,2636.239502,2641.089111,2621.434082,2637.609131,2623.083740,2618.885986,2621.821533,2640.289307,2659.616211,2643.668945,2641.686523,2649.215088,2649.210693,2648.435303,2640.805176,2641.538818,2617.082520,2641.772461,2641.548096,2622.034912,2639.988525,2660.941895,2669.493896,2697.937500,2698.003418
-226.123077,-225.720901,-211.507355,-204.810242,-224.234482,-220.100555,-215.339722,-211.201523,-219.462830,-225.439499,-220.338287,-225.524719,-242.574768,-242.190292,-231.483429,-216.845001,-229.547241,-220.715408,-209.880371,-203.164047,-213.679962,-216.499191,-212.802231,-222.618591,-216.533890,-215.153488,-234.416290,-232.352203,-217.609741,-217.113266,-229.529297,-230.180222,-235.826080,-236.570129
100.112442,98.245071,103.797661,104.904671,97.151566,94.097610,97.046402,91.984673,91.310837,98.638977,93.858795,98.180420,101.728851,98.345337,99.461166,93.947754,97.160576,103.544922,100.884560,100.078026,101.621796,100.026161,102.020309,98.999733,97.356400,93.568825,105.360085,106.195534,96.098633,98.026749,95.016060,97.942230,100.388840,98.983002
2592.352051,2593.243164,2585.713379,2582.696777,2593.840820,2595.601562,2595.563965,2594.530518,2590.822266,2587.818848,2589.732422,2592.868652,2593.393066,2583.411133,2581.132324,2590.650391,2597.771973,2595.742188,2594.856934,2599.680664,2609.133301,2606.675049,2609.337402,2609.865967,2604.137939,2598.462646,2580.756348,2582.326904,2590.641602,2597.061523,2612.610352,2613.904785,2611.758789,2611.339355
-131.243683,-130.735992,-113.876175,-108.240746,-127.643990,-119.645203,-114.854507,-113.026909,-123.487053,-134.415146,-124.096436,-120.699654,-160.565598,-159.621414,-140.966446,-114.572334,-138.934647,-125.643188,-114.155609,-104.882782,-126.583382,-129.882065,-112.626297,-110.228111,-116.537743,-109.822731,-138.436813,-131.356140,-104.425903,-108.373825,-152.270126,-156.002777,-172.596939,-174.014725
-126.038170,-127.839722,-121.560112,-120.918213,-128.449295,-129.631866,-127.087616,-132.952530,-134.340332,-129.468155,-132.155151,-124.014038,-128.131256,-132.081055,-128.803070,-129.185669,-130.370682,-122.999153,-125.395622,-125.027100,-126.785553,-128.819275,-122.244072,-119.447624,-126.934273,-128.365997,-120.776070,-117.061768,-121.803391,-121.891563,-136.147125,-134.335052,-136.182434,-137.784576
2607.482422,2608.943359,2580.952881,2583.075439,2606.159180,2610.807861,2593.896973,2605.796143,2605.869873,2594.551025,2584.437500,2594.586670,2620.964355,2604.674561,2588.824219,2600.462891,2616.654785,2600.211182,2593.548096,2603.662109,2633.587158,2628.885986,2611.648438,2606.900635,2602.696777,2598.511719,2585.428711,2565.194336,2581.752441,2608.205566,2643.173828,2643.619629,2632.056641,2631.531738
-321.795868,-321.766113,-315.795990,-308.148468,-326.507111,-317.273987,-319.458710,-315.773102,-321.965454,-331.363129,-326.940002,-324.122620,-340.784576,-348.830536,-340.340057,-314.149292,-327.830994,-318.854218,-315.764832,-305.237305,-312.608826,-316.687592,-313.999115,-314.454987,-319.577606,-314.847534,-333.221375,-335.815918,-309.779358,-304.200562,-325.102173,-325.362061,-331.235291,-331.970398
-117.432564,-119.608337,-114.501579,-112.911118,-122.502090,-127.522118,-124.314270,-129.077332,-128.464447,-116.844345,-123.950447,-124.950623,-112.153877,-115.248238,-116.800537,-128.095551,-119.235291,-111.862724,-116.842003,-119.340530,-114.388885,-115.201225,-118.391426,-127.314171,-123.306419,-130.230927,-111.088112,-113.399948,-130.810623,-125.994087,-116.972977,-112.018860,-99.783318,-100.777130
2529.933594,2532.430176,2543.169189,2535.800049,2552.977051,2552.946533,2573.318848,2570.901611,2551.473877,2535.753662,2550.133301,2563.668701,2523.176270,2525.343994,2539.440430,2550.986816,2535.716797,2529.793213,2553.008057,2557.443848,2546.633545,2543.385498,2570.440430,2583.261963,2572.553711,2580.450684,2519.443848,2544.768066,2570.947754,2546.633301,2533.452148,2529.082520,2505.909180,2504.687988
0.000000,0.000000,0.000000,0.000000,0.000000,0.000000,0.000000,0.000000,0.000000,0.000000,0.000000,0.000000,0.000000,0.000000,0.000000,0.000000,0.000000,0.000000,0.000000,0.000000,0.000000,0.000000,0.000000,0.000000,0.000000,0.000000,0.000000,0.000000,0.000000,0.000000,0.000000,0.000000,0.000000,0.000000
0.000000,0.000000,0.000000,0.000000,0.000000,0.000000,0.000000,0.000000,0.000000,0.000000,0.000000,0.000000,0.000000,0.000000,0.000000,0.000000,0.000000,0.000000,0.000000,0.000000,0.000000,0.000000,0.000000,0.000000,0.000000,0.000000,0.000000,0.000000,0.000000,0.000000,0.000000,0.000000,0.000000,0.000000
0.000000,0.000000,0.000000,0.000000,0.000000,0.000000,0.000000,0.000000,0.000000,0.000000,0.000000,0.000000,0.000000,0.000000,0.000000,0.000000,0.000000,0.000000,0.000000,0.000000,0.000000,0.000000,0.000000,0.000000,0.000000,0.000000,0.000000,0.000000,0.000000,0.000000,0.000000,0.000000,0.000000,0.000000
-334.877472,-332.507324,-317.440247,-301.000763,-324.945618,-339.235382,-339.496033,-339.710144,-337.202545,-335.162994,-333.022095,-365.944641,-340.077301,-327.713104,-343.781189,-356.117676,-329.213257,-338.115753,-321.534302,-319.198425,-300.877289,-295.347595,-314.139130,-342.804840,-346.362701,-361.509796,-311.243134,-331.881134,-329.368744,-336.782654,-391.387909,-392.588074,-397.838470,-399.131165
62.988708,59.247498,65.687164,61.917755,53.700592,51.932251,54.791016,45.504364,57.839905,61.298004,57.140869,26.342896,64.488495,59.388977,52.178772,47.533112,58.917633,61.228607,65.156158,52.983063,67.838898,66.147736,48.450562,28.553345,47.724304,30.228790,82.308899,57.370758,32.415405,44.205200,35.441772,33.619629,35.148315,33.526215
2431.666992,2437.748535,2432.914307,2426.230225,2438.609131,2440.984863,2444.098877,2440.086426,2438.000488,2434.782715,2437.851807,2462.784424,2428.312500,2423.229736,2432.422852,2447.073242,2435.356689,2438.582275,2439.461426,2440.834229,2425.594727,2419.594971,2440.147217,2484.271729,2446.619629,2489.191406,2430.491943,2438.065430,2475.871094,2453.135498,2475.633301,2471.770996,2462.843262,2466.499023
-27.090782,-29.401531,138.445389,185.521255,-21.036606,-11.913914,195.842285,172.696671,-32.899269,-36.641510,185.959320,121.244286,-54.691730,-52.423958,140.365356,118.260628,-23.498669,-33.936905,183.270569,157.971985,-48.085041,-47.895836,162.676422,116.934174,185.292328,189.813324,-86.032951,122.845184,118.526871,-26.481209,-39.838264,-44.872612,-48.764301,-49.382973
1.718658,9.367096,218.387665,176.985199,14.525055,4.195496,211.329956,162.950287,41.273834,35.160828,217.721848,176.617905,25.387787,47.565460,178.361313,136.375290,2.557739,-6.692932,173.517288,138.634766,31.335297,9.610077,198.406998,175.645370,208.625519,194.886047,7.033905,193.879120,170.271744,68.925842,-9.675323,-5.314514,28.420319,30.205475
2696.254395,2694.327393,2643.618408,2659.086670,2699.674805,2699.304932,2624.470703,2671.692627,2762.236328,2725.251221,2647.478027,2711.392334,2718.616455,2723.001221,2678.984131,2703.806641,2697.647949,2711.191162,2678.420166,2715.113037,2785.023438,2748.236816,2680.290039,2732.535889,2661.629395,2665.546631,2737.040771,2707.185547,2722.665283,2765.774658,2698.416504,2708.698242,2738.807129,2741.410889
-140.895981,-140.045517,-114.388397,-110.126724,-142.441376,-146.018494,-134.502975,-130.755035,-136.499725,-125.183105,-125.511017,-171.886795,-146.310486,-139.294266,-140.696396,-156.518326,-144.164246,-142.270432,-132.456604,-122.212769,-116.847092,-121.149063,-134.899353,-168.103821,-127.862442,-122.834015,-90.163315,-110.195221,-124.463959,-117.584045,-131.528198,-131.247498,-127.947327,-127.693573
256.933655,257.265991,251.499359,257.510498,261.822144,252.610504,246.028839,232.101532,249.372925,242.200485,239.542984,239.947464,255.947891,256.920105,245.209503,249.106232,260.233002,255.915619,266.995911,246.266876,254.522903,254.866852,254.168106,258.906067,226.930374,197.137695,246.456055,236.088715,239.143982,228.107620,163.886505,157.563507,140.824585,137.240631
2530.965820,2531.842285,2529.259766,2528.038574,2530.776123,2527.568604,2524.744629,2521.025879,2528.010254,2525.697754,2531.507568,2505.215088,2532.013184,2526.154053,2512.834473,2514.916992,2536.706055,2532.669922,2532.077148,2534.936768,2553.016113,2557.676758,2542.876465,2523.096680,2516.190186,2497.230957,2526.835938,2500.954590,2490.206543,2508.287598,2508.471924,2509.327148,2495.494141,2490.807373
55.638115,68.337982,378.795105,396.782043,87.288734,121.192886,459.132111,392.216125,114.747215,124.968109,413.825897,308.316345,63.039837,95.837624,356.403381,304.192017,72.526062,93.796570,436.853973,402.549805,124.957901,90.154427,385.550385,293.643372,415.846924,390.810059,161.843567,329.951233,322.416534,128.172760,89.454735,88.720772,86.284271,72.458092
-264.669800,-252.783630,223.630585,307.153839,-239.348602,-236.548599,199.002350,274.035767,-113.898483,-66.594139,283.961670,285.384583,-198.688431,-140.103073,257.552704,255.144424,-256.096527,-254.951660,201.176208,228.084686,-121.967453,-203.668015,289.020508,279.356506,256.086456,288.760956,15.918131,286.201355,248.701050,-100.677231,-153.193665,-139.957016,99.771164,151.718903
2641.435059,2615.412598,2530.987061,2492.295166,2617.775879,2613.665527,2515.993164,2506.209961,2581.369629,2545.277832,2495.138428,2521.024658,2589.199707,2600.071533,2515.056885,2512.990234,2649.540527,2645.128662,2541.348877,2549.515381,2629.574707,2615.046875,2525.404053,2533.531738,2496.776611,2481.000000,2588.386963,2526.194824,2528.377441,2615.341797,2493.486328,2502.676270,2516.414795,2524.878174
0.000000,0.000000,0.000000,0.000000,0.000000,0.000000,0.000000,0.000000,0.000000,0.000000,0.000000,0.000000,0.000000,0.000000,0.000000,0.000000,0.000000,0.000000,0.000000,0.000000,0.000000,0.000000,0.000000,0.000000,0.000000,0.000000,0.000000,0.000000,0.000000,0.000000,0.000000,0.000000,0.000000,0.000000
0.000000,0.000000,0.000000,0.000000,0.000000,0.000000,0.000000,0.000000,0.000000,0.000000,0.000000,0.000000,0.000000,0.000000,0.000000,0.000000,0.000000,0.000000,0.000000,0.000000,0.000000,0.000000,0.000000,0.000000,0.000000,0.000000,0.000000,0.000000,0.000000,0.000000,0.000000,0.000000,0.000000,0.000000
0.000000,0.000000,0.000000,0.000000,0.000000,0.000000,0.000000,0.000000,0.000000,0.000000,0.000000,0.000000,0.000000,0.000000,0.000000,0.000000,0.000000,0.000000,0.000000,0.000000,0.000000,0.000000,0.000000,0.000000,0.000000,0.000000,0.000000,0.000000,0.000000,0.000000,0.000000,0.000000,0.000000,0.000000
0.000000,0.000000,0.000000,0.000000,0.000000,0.000000,0.000000,0.000000,0.000000,0.000000,0.000000,0.000000,0.000000,0.000000,0.000000,0.000000,0.000000,0.000000,0.000000,0.000000,0.000000,0.000000,0.000000,0.000000,0.000000,0.000000,0.000000,0.000000,0.000000,0.000000,0.000000,0.000000,0.000000,0.000000
0.000000,0.000000,0.000000,0.000000,0.000000,0.000000,0.000000,0.000000,0.000000,0.000000,0.000000,0.000000,0.000000,0.000000,0.000000,0.000000,0.000000,0.000000,0.000000,0.000000,0.000000,0.000000,0.000000,0.000000,0.000000,0.000000,0.000000,0.000000,0.000000,0.000000,0.000000,0.000000,0.000000,0.000000
0.000000,0.000000,0.000000,0.000000,0.000000,0.000000,0.000000,0.000000,0.000000,0.000000,0.000000,0.000000,0.000000,0.000000,0.000000,0.000000,0.000000,0.000000,0.000000,0.000000,0.000000,0.000000,0.000000,0.000000,0.000000,0.000000,0.000000,0.000000,0.000000,0.000000,0.000000,0.000000,0.000000,0.000000
-351.839783,-345.747314,-356.870697,-337.407806,-349.796295,-342.969727,-347.582123,-350.676086,-355.798218,-343.831268,-354.253021,-344.202148,-352.070709,-354.433228,-352.931122,-343.094177,-362.046509,-348.413483,-345.005859,-334.039978,-343.786499,-343.993073,-343.937347,-347.167847,-357.407196,-347.689209,-349.309631,-338.005188,-344.717072,-343.464966,-371.632141,-373.381042,-376.605530,-372.947815
-552.577271,-555.846191,-550.860352,-550.022034,-561.742432,-566.795654,-566.621338,-570.843323,-568.075562,-554.785461,-561.723083,-566.740479,-543.909973,-547.146912,-552.735901,-567.343079,-556.272522,-545.937683,-556.737854,-558.019653,-551.226013,-553.100769,-558.140503,-569.114563,-563.818665,-573.505005,-540.670410,-549.692627,-571.501953,-562.381897,-553.405273,-548.608032,-534.336060,-535.819946
2623.592041,2622.900391,2626.552002,2620.123291,2627.606689,2626.981445,2623.570312,2623.024658,2619.850098,2619.950439,2631.072510,2623.102051,2634.246094,2637.200928,2633.734375,2623.282227,2618.848389,2628.704346,2621.294189,2633.168457,2632.045166,2624.597656,2638.156494,2635.948242,2630.138672,2618.814453,2638.576904,2637.684570,2631.337158,2630.886475,2613.596191,2607.646729,2596.211426,2594.832031
-46.249298,-42.062935,-39.180153,-27.621521,-29.768845,-25.127663,-32.071243,-27.752159,-33.687691,-31.104401,-35.610931,-30.186218,-46.176041,-40.257614,-39.957611,-41.593864,-56.132942,-39.747917,-38.756432,-15.261879,-30.839943,-25.986023,-16.778374,-29.652779,-36.913292,-26.689499,-34.702164,-25.585953,-22.190605,-31.804543,-59.347809,-59.699951,-68.810478,-66.812057
-562.347656,-563.427002,-560.932007,-558.426392,-560.424194,-561.905029,-564.084717,-568.307434,-568.649048,-561.485229,-568.840759,-559.949097,-554.448120,-559.477783,-562.277954,-568.971069,-565.958130,-558.945435,-564.378113,-559.476074,-554.871582,-555.515991,-550.814514,-554.991150,-563.644104,-563.005615,-551.898743,-549.190979,-558.605225,-558.042664,-567.378540,-564.914307,-568.582275,-569.427002
2568.487305,2570.255859,2560.004395,2550.843994,2552.399414,2553.376465,2558.905518,2558.545410,2557.029785,2553.618408,2560.900635,2564.929932,2557.171387,2558.163574,2557.975586,2584.027588,2567.429688,2559.569824,2566.677002,2556.491455,2552.365479,2550.031982,2532.842041,2553.394531,2558.864258,2541.463867,2536.120117,2531.500000,2543.551025,2553.861816,2576.607910,2577.356689,2595.164062,2595.575684
-452.954071,-448.423187,-445.288055,-444.314514,-452.343903,-449.257874,-452.212494,-448.514069,-449.032593,-448.042603,-445.325195,-443.703186,-446.855042,-442.803070,-441.753357,-447.380615,-464.972290,-445.684723,-449.753784,-434.118469,-447.499878,-448.543182,-444.374878,-447.557983,-451.668945,-449.123718,-445.256531,-443.762817,-448.236877,-447.598938,-455.041443,-454.660126,-452.462952,-452.126404
-967.719971,-970.270752,-968.402527,-964.434998,-976.016846,-979.505127,-980.581360,-984.754150,-983.159363,-968.844360,-977.555420,-979.850220,-957.329956,-962.418945,-968.377197,-980.238525,-971.024048,-960.271240,-971.390991,-970.292358,-963.787476,-965.693604,-971.203857,-980.995667,-979.951538,-986.297852,-954.993652,-962.235046,-983.191895,-975.410034,-972.520752,-968.348755,-956.295349,-957.131104
2586.340088,2582.063477,2583.230469,2590.176270,2583.790283,2579.709473,2583.564209,2566.758057,2564.646729,2578.340576,2577.893311,2563.836914,2571.378418,2576.383545,2575.209961,2572.145996,2580.545166,2574.874268,2587.168701,2570.205566,2576.535889,2570.836670,2580.314453,2570.234619,2590.651367,2561.107910,2582.482910,2587.564453,2569.170166,2581.190430,2575.859863,2571.970703,2582.444336,2578.750000
57.622429,58.525352,61.697495,61.950096,58.412178,64.277428,59.753540,58.340111,58.291046,59.500412,61.824547,61.917702,52.542305,62.648857,66.175270,58.326416,45.967346,60.263092,61.537979,64.662415,56.501129,57.508522,63.077003,55.886330,60.230995,56.820229,55.631462,60.423195,60.414528,56.754761,50.310555,52.970337,52.436058,51.710159
-975.570068,-977.344055,-975.090576,-977.538452,-978.941956,-980.068481,-981.812744,-987.082153,-985.702637,-978.970215,-983.714600,-977.016602,-970.513184,-974.366089,-976.152466,-982.028198,-979.806396,-974.209839,-979.429932,-980.226318,-973.902588,-975.035522,-971.909668,-974.271667,-979.184082,-983.617554,-971.093628,-969.385925,-979.083496,-977.270325,-979.276855,-975.734497,-973.635864,-975.175781
2518.180664,2519.009521,2511.341064,2540.411865,2529.469727,2522.175293,2526.827637,2522.876953,2520.306152,2517.569092,2512.283447,2526.028564,2524.533691,2522.229736,2519.075684,2525.183350,2518.643066,2524.125977,2526.398682,2535.091797,2527.585693,2517.464111,2521.070068,2523.222412,2514.739258,2537.893311,2541.553467,2533.540771,2533.697266,2538.465820,2528.200195,2526.548828,2522.377930,2522.114746
0.000000,0.000000,0.000000,0.000000,0.000000,0.000000,0.000000,0.000000,0.000000,0.000000,0.000000,0.000000,0.000000,0.000000,0.000000,0.000000,0.000000,0.000000,0.000000,0.000000,0.000000,0.000000,0.000000,0.000000,0.000000,0.000000,0.000000,0.000000,0.000000,0.000000,0.000000,0.000000,0.000000,0.000000
0.000000,0.000000,0.000000,0.000000,0.000000,0.000000,0.000000,0.000000,0.000000,0.000000,0.000000,0.000000,0.000000,0.000000,0.000000,0.000000,0.000000,0.000000,0.000000,0.000000,0.000000,0.000000,0.000000,0.000000,0.000000,0.000000,0.000000,0.000000,0.000000,0.000000,0.000000,0.000000,0.000000,0.000000
0.000000,0.000000,0.000000,0.000000,0.000000,0.000000,0.000000,0.000000,0.000000,0.000000,0.000000,0.000000,0.000000,0.000000,0.000000,0.000000,0.000000,0.000000,0.000000,0.000000,0.000000,0.000000,0.000000,0.000000,0.000000,0.000000,0.000000,0.000000,0.000000,0.000000,0.000000,0.000000,0.000000,0.000000
0.000000,0.000000,0.000000,0.000000,0.000000,0.000000,0.000000,0.000000,0.000000,0.000000,0.000000,0.000000,0.000000,0.000000,0.000000,0.000000,0.000000,0.000000,0.000000,0.000000,0.000000,0.000000,0.000000,0.000000,0.000000,0.000000,0.000000,0.000000,0.000000,0.000000,0.000000,0.000000,0.000000,0.000000
0.000000,0.000000,0.000000,0.000000,0.000000,0.000000,0.000000,0.000000,0.000000,0.000000,0.000000,0.000000,0.000000,0.000000,0.000000,0.000000,0.000000,0.000000,0.000000,0.000000,0.000000,0.000000,0.000000,0.000000,0.000000,0.000000,0.000000,0.000000,0.000000,0.000000,0.000000,0.000000,0.000000,0.000000
0.000000,0.000000,0.000000,0.000000,0.000000,0.000000,0.000000,0.000000,0.000000,0.000000,0.000000,0.000000,0.000000,0.000000,0.000000,0.000000,0.000000,0.000000,0.000000,0.000000,0.000000,0.000000,0.000000,0.000000,0.000000,0.000000,0.000000,0.000000,0.000000,0.000000,0.000000,0.000000,0.000000,0.000000
-225.726379,-225.190750,-208.178619,-201.425873,-221.393417,-221.741501,-213.522842,-208.003036,-216.199387,-217.989868,-215.158340,-228.638306,-234.474442,-230.154617,-222.313614,-219.329193,-225.711655,-219.182098,-204.800522,-201.268051,-207.763824,-209.713562,-212.291763,-232.895645,-215.010101,-217.971832,-233.003494,-231.118362,-228.116852,-227.939331,-220.372437,-219.678024,-219.736038,-220.147705
321.960266,320.214172,325.626160,326.723999,319.778809,316.772217,319.793762,314.984283,314.024048,320.434204,315.770386,320.843170,323.600281,320.355316,321.724121,316.536133,319.124146,324.520782,322.887939,322.339874,323.830811,322.062561,324.358368,321.380371,319.833130,316.436127,326.652252,327.621918,318.504272,319.996338,316.592163,319.061401,318.760559,317.246857
2615.996094,2615.799561,2609.365723,2605.955811,2608.113525,2609.325928,2607.520020,2600.712158,2602.972656,2610.485352,2612.179443,2606.609619,2614.715820,2601.812988,2598.132324,2605.575928,2619.358154,2626.482178,2616.435791,2618.808350,2628.156250,2627.214355,2627.630371,2624.650635,2620.650635,2607.444092,2609.076416,2609.672607,2604.933105,2616.703613,2636.907715,2641.458496,2654.534668,2654.568848
53.946732,54.212723,54.443203,54.775799,55.146919,55.315269,55.543789,55.914707,56.146069,56.444817,56.611786,57.046825,57.345181,57.583015,57.751213,58.147415,58.379128,58.650242,58.887123,59.251358,59.485165,59.588402,59.894791,60.285076,60.955235,61.322994,61.786373,61.954052,62.386913,62.551910,63.355251,63.389668,63.656921,63.691040
