19,52
1.000000,-1.000000,0.000000,4.000000,5.000000,1.000000,-1.000000,5.000000,4.000000,0.000000,4.000000,1.000000,-1.000000,4.000000,0.000000,7.000000,0.000000,5.000000,1.000000,-1.000000,1.000000,-1.000000,0.000000,-1.000000,0.000000,7.000000,0.000000,-1.000000,1.000000,-1.000000,0.000000,5.000000,1.000000,-1.000000,1.000000,-1.000000,5.000000,0.000000,-1.000000,1.000000,-1.000000,0.000000,4.000000,-1.000000,1.000000,-1.000000,0.000000,4.000000,5.000000,1.000000,-1.000000,0.000000
29.975973,3.616604,5.149363,19.051348,22.641113,26.013279,50.515301,36.507229,24.966440,20.466719,19.511740,23.651585,32.792286,24.551031,19.447283,17.573074,17.331327,21.581623,24.643400,35.483879,29.037460,10.499344,23.499237,34.064903,27.313395,15.067821,10.588105,2.462435,2.857458,2.935317,5.606368,20.524721,24.624170,28.842167,32.516830,31.601830,22.767319,19.406685,22.882761,24.666447,1.178524,3.523089,13.614584,21.059988,27.764370,1.633866,4.779835,14.056903,17.520298,25.513809,3.533134,2.318747
73.007919,66.648918,52.561874,48.227089,71.873833,80.346840,77.827888,63.505501,48.926685,39.510780,54.820808,70.323753,63.489136,49.347179,32.385574,16.996910,17.424412,62.885872,73.696945,87.748596,88.926910,51.265511,18.782393,26.527525,31.268131,26.073149,21.692997,57.626553,74.956207,76.255836,51.823624,64.982819,77.194283,82.387489,82.385490,68.676201,56.172684,47.493969,58.596096,71.479378,57.795631,50.854755,38.742573,63.166725,71.452156,60.854691,47.749454,49.697960,61.879498,73.234268,57.393772,52.293953
90.054039,88.508003,-84.873192,77.800011,88.583595,90.990807,104.814171,83.935966,75.967361,73.126602,85.504013,93.489700,94.026375,73.114395,72.029060,-72.427536,-72.752777,88.568291,92.710327,99.111221,103.448624,93.099213,85.607643,88.194389,83.947433,79.541435,79.672897,-89.911629,-90.832207,-91.213821,-85.437706,88.568214,94.703812,99.456528,103.175797,98.577553,81.088921,80.010696,96.911201,101.954231,-89.593117,-88.065186,78.942520,97.310150,104.995857,90.331367,-85.470642,84.801918,89.932594,96.799263,93.146156,-89.126678
80.066757,65.750214,84.760002,76.711296,84.833977,89.396881,73.009567,77.147400,87.778679,83.527077,79.223167,79.139664,65.680069,85.177612,84.402748,77.213829,79.147942,90.126236,93.539680,89.283958,73.968925,39.224773,-86.793243,-95.520073,-95.043129,-67.862465,68.621735,88.627670,95.176735,89.797874,91.909523,86.964363,88.566055,84.718063,81.207687,72.018532,84.797646,88.515556,81.141762,82.168907,75.145851,85.183426,82.710968,80.386292,72.904922,71.665596,84.535522,92.349884,100.779495,99.692154,68.557106,87.467407
38.160999,43.626873,31.137135,28.994022,35.610497,37.725250,42.807434,40.660744,32.638050,31.260933,33.472572,40.311478,47.037205,36.070633,31.382326,32.960052,30.101730,32.420879,37.163193,41.802734,47.795223,53.199512,52.589252,49.411057,44.735485,28.167204,23.553188,25.364382,37.082127,38.665874,29.879885,32.236282,35.597363,39.149765,40.448074,39.006596,32.169868,25.273411,38.270088,43.247742,38.826538,29.262941,27.951977,38.929302,43.151569,44.862648,30.418472,32.159332,34.251595,35.506542,42.163857,24.782814
19.338394,24.154499,19.232357,10.709728,16.802114,18.982782,22.372089,16.199200,10.516890,8.265434,11.393143,16.247860,18.243723,10.869009,6.515718,10.580353,8.571345,15.028714,17.187088,28.172615,29.752649,27.097591,22.686285,23.453562,24.712875,15.366397,13.448808,23.712767,31.807371,35.453693,19.780855,14.544509,21.102400,25.168684,27.349730,20.617008,19.572855,15.941006,18.713793,21.554487,25.656542,20.876076,9.655856,19.640148,23.150051,25.177034,17.745855,10.556444,12.081601,23.387793,29.268208,22.836838
-54.812904,-52.872990,59.034241,62.739388,-54.859322,-53.822861,-55.269943,-50.320164,60.752274,66.392067,56.625416,-51.777641,-45.953354,55.298393,70.108398,76.822090,80.527252,57.588085,-53.508457,-57.942039,-62.640362,-63.271389,-39.166451,-40.631630,45.434841,64.291229,72.838165,-64.758430,-57.607399,-60.168640,60.183643,57.769714,-57.030029,-58.082325,-59.637203,-54.832699,57.857277,66.737289,-53.047764,-51.152962,-53.667877,60.769531,65.342155,-54.214756,-57.257420,-52.412464,59.702259,58.880917,55.816799,-56.745281,-55.386749,65.267433
104.037186,113.140190,105.378960,97.497368,101.299652,103.258789,109.864853,104.458496,99.924530,96.430893,96.351608,100.345184,107.480919,98.332375,94.719139,79.615349,82.180168,98.374092,101.339729,112.729744,117.766029,-112.786972,-98.080933,-99.464943,-103.869026,101.877754,91.860657,100.517746,111.073654,114.581398,107.825806,99.403862,104.889862,109.701172,113.566376,110.314499,108.686806,102.414879,102.328789,107.530571,115.130188,107.600395,96.749374,105.536720,111.298241,114.640175,105.808868,95.130150,98.273140,108.154495,119.263245,108.190727
34.322189,16.189415,13.537067,41.431107,33.246162,27.951445,-45.139572,41.132687,34.629738,40.957653,42.728516,34.467339,27.776434,43.845905,46.868462,46.959461,44.950253,26.244553,18.557610,33.023304,-29.264751,-15.176356,-18.501568,-28.094294,24.726107,19.662924,16.054354,4.279838,3.507047,3.171879,1.399697,31.447636,26.391747,23.971071,18.309464,22.670200,37.519920,34.310642,22.482372,23.005171,15.282262,12.904652,50.536182,34.418205,23.334143,17.210686,13.495965,38.127953,25.314342,14.684004,-10.897677,9.363070
69.282898,83.658028,79.899208,50.098064,59.153461,68.361748,101.144180,76.936165,67.237389,53.413467,49.832649,58.838058,75.880524,59.516731,46.910065,-43.094543,45.116005,64.742744,74.289879,89.360291,97.159256,97.364494,94.354523,91.719223,89.585388,77.277802,75.653885,86.202812,87.380493,87.932976,88.778740,60.109352,67.416718,73.457260,82.297745,78.507492,65.129120,63.644138,67.564026,67.002266,81.108574,79.914253,40.468994,56.385475,67.685806,80.373749,79.227547,51.908909,64.691040,81.821205,90.677719,85.706863
46.270866,55.967754,85.093925,103.617439,44.689220,22.296835,24.508999,56.891460,82.710953,105.129028,86.091530,52.860832,60.830647,86.963287,116.623222,151.749817,148.673340,69.480270,38.460079,5.412908,4.613163,80.304573,155.623291,167.304352,169.100159,160.599457,155.396393,70.486366,23.864817,20.202286,72.929382,65.832359,32.798759,20.175924,15.772975,41.210316,63.917908,87.555855,62.705112,31.096706,58.615009,79.588196,113.601173,53.209507,30.120165,48.399563,80.660522,85.571999,50.661896,19.757864,56.875175,76.833977
-50.111561,-46.832394,-20.129742,-13.618514,-49.607300,-69.907394,-71.681458,-43.279823,-17.493450,-15.461966,-15.609071,-46.859921,-47.773090,-20.932756,26.707575,65.307831,63.435913,-26.128441,-57.918079,-84.855446,-85.432465,-42.535938,-67.842712,-77.305130,79.393738,72.794350,68.751694,-20.106697,-69.485893,-75.116135,-23.037952,-29.565525,-61.668308,-71.837372,-75.575531,-55.413712,-35.573959,-10.985122,-32.293827,-65.018188,-43.531956,-20.799561,25.552387,-43.358807,-65.820740,-50.253582,-15.448368,-5.655859,-44.535606,-74.269485,-45.743042,-19.609999
39.067223,45.326946,31.744755,24.130493,35.439674,38.787273,38.966187,35.089619,25.066175,21.481249,30.960955,39.886765,41.173607,29.674276,19.684258,15.860157,15.627615,32.140038,40.968262,49.498226,55.255375,51.793110,36.528595,33.756714,29.888887,21.140999,19.315208,33.977242,48.922958,51.026440,33.131260,33.213009,40.482815,44.475491,47.224934,39.119106,29.916857,19.843849,44.258732,50.534641,43.452675,33.210823,24.873913,44.458820,50.421402,51.260372,34.012325,31.673212,38.468697,46.356884,47.176487,30.796049
-61.942944,-59.915848,-60.702213,-66.176468,-60.133244,-59.200459,-65.480385,-61.112167,-65.301155,68.625900,-61.381168,-59.243305,-58.707211,-61.682529,70.438042,76.891220,77.424225,-60.286530,-56.127693,-59.569237,-67.205513,-77.366753,-63.444492,-61.046345,-62.358242,-69.116608,-70.717484,-60.425236,-53.935284,-58.331276,-61.052971,-61.233109,-63.034149,-65.985428,-69.030663,-67.264114,-64.658592,-70.844093,-53.635574,-53.872257,-56.661613,-59.954697,-65.697853,-59.440098,-65.185921,-59.431053,-60.621254,-59.588810,-55.414185,-54.774124,-60.980122,-62.972050
32.324623,-26.788479,26.743259,25.546194,34.393307,35.548626,-31.784340,26.032434,25.985552,28.016375,27.926226,32.812904,-27.049837,27.762274,30.590532,37.822201,36.874336,26.788023,30.044851,-36.175671,-36.419075,-27.612116,-15.414022,-11.924943,-12.198700,24.051010,30.990492,33.935848,40.416035,-47.309982,21.393837,28.588869,33.889931,-36.328838,-37.746574,-27.632790,25.869007,26.709702,32.150871,34.867001,-20.955151,21.855095,24.758108,32.220482,-34.133610,-25.926172,22.510960,24.176338,23.994715,30.048086,-22.810558,24.682880
89.056274,96.977127,82.946312,76.004585,81.703308,83.541725,96.469360,89.688499,77.187187,70.695900,76.951401,84.018959,95.761414,77.063812,67.475075,54.217823,54.791557,79.546989,82.242836,94.810928,104.156151,115.078125,100.944580,97.523720,98.871254,80.739273,67.229553,76.322510,88.166740,91.432915,84.790627,77.873886,86.406418,93.038300,97.704529,96.401115,87.438980,78.278801,81.928040,89.827919,95.860718,84.427307,73.166611,88.366028,98.278847,98.248474,83.372200,74.333923,76.526016,85.712624,102.775948,82.405037
-94.401894,-103.431160,76.590927,72.791374,88.262527,-91.565086,-107.881004,-93.156853,74.687645,61.562546,80.964012,-92.833305,-102.695496,75.702843,57.511703,37.284451,36.371037,77.395248,84.032158,-99.878616,-114.850151,-142.603073,-124.281715,-114.557953,-109.418327,68.246407,47.546810,71.885239,86.969475,-95.164902,77.221519,79.453957,89.339973,-97.487289,-102.803978,-103.629486,86.054718,71.228363,86.706726,-96.643776,-96.259270,75.590950,65.504601,-92.451965,-106.323036,-102.115097,76.202881,68.562187,75.282997,86.079437,-108.961189,73.234367
157.214035,157.513704,157.576957,158.345609,158.413768,158.449610,158.609413,158.713259,158.779616,158.847821,159.516653,159.545217,159.878696,159.949471,160.046174,160.314353,160.448696,160.717694,160.745769,160.849920,160.888664,161.080308,161.248185,161.317951,161.345735,161.419581,161.486493,161.953948,162.016168,162.051815,162.314580,163.156580,163.183064,163.220752,163.251817,163.420693,163.482268,163.557160,164.318320,164.353673,164.688607,164.750423,165.420690,165.518587,165.555902,165.855683,165.952598,166.684028,166.721735,166.789659,167.090431,167.190653
