19,36
0.000000,-1.000000,8.000000,-1.000000,7.000000,0.000000,-1.000000,5.000000,-1.000000,5.000000,-1.000000,7.000000,-1.000000,7.000000,-1.000000,2.000000,-1.000000,2.000000,-1.000000,2.000000,-1.000000,7.000000,-1.000000,7.000000,-1.000000,7.000000,0.000000,7.000000,0.000000,-1.000000,7.000000,-1.000000,5.000000,7.000000,-1.000000,7.000000
15.782909,12.358850,21.123011,25.284294,24.471596,10.968155,12.695584,33.834064,36.312359,35.524029,31.547043,23.748833,21.384295,11.431648,27.768967,75.163185,78.600471,80.353470,83.892677,83.867104,85.055626,61.901665,56.368454,9.331214,18.163000,20.742407,19.071299,17.899065,20.413147,15.877717,30.397505,32.654953,32.969246,32.569927,31.776209,12.252259
27.199871,33.994965,33.339676,36.119579,24.671061,33.011696,32.270981,12.579355,19.328999,22.986620,25.683872,17.749250,18.618935,37.816116,78.122116,54.939671,43.600994,53.695534,62.888542,47.731350,37.826221,79.521393,74.046326,16.458258,13.444990,16.529779,15.403572,13.293276,9.368966,31.444538,12.818305,16.332294,19.797861,15.691963,16.631611,44.249336
-74.221130,78.269211,80.079620,67.187668,67.246735,-81.008560,-77.796112,66.407265,64.645187,68.755531,77.036758,74.642860,76.647697,-97.417305,102.807449,-28.537092,-26.668781,-26.983002,-23.258862,-34.848724,-44.370323,-45.500675,-38.332767,-99.233360,90.778053,71.158798,70.973785,72.104042,-69.655441,76.782745,71.500427,75.287346,78.562035,80.198395,80.094826,82.096512
85.045105,75.360100,-60.854214,-59.212769,-74.789207,104.149002,92.882080,-99.922607,-109.157188,112.528511,108.524338,-100.890839,-91.591560,-52.197769,23.885624,98.339577,97.379875,105.856171,105.668839,111.930527,112.963219,-23.037481,-18.535795,74.068474,-83.980019,-76.176651,-75.755417,-77.092033,81.661385,66.118721,-94.484177,106.142258,107.093582,-105.415466,-98.507957,-49.190472
25.487688,26.268076,16.281137,8.110966,24.358919,19.570253,18.944824,25.915407,26.943670,28.388454,27.718590,12.661633,11.000041,7.692840,17.553539,13.519563,13.388766,13.426705,7.763946,9.344579,12.368005,7.097050,4.878292,13.002732,15.455058,13.174829,13.487211,15.053270,17.870630,35.362507,23.755039,25.774050,27.468433,23.103786,27.548851,10.155613
21.051195,9.121540,49.765377,31.690151,21.358166,14.672225,9.518204,27.463058,29.420288,29.278978,25.711069,50.014053,43.567112,9.892727,19.540575,15.997475,15.221623,15.393864,22.858580,21.316624,24.023319,14.061107,16.159918,11.649177,1.838773,12.115460,19.479322,21.882572,23.105040,12.814749,17.776775,15.384647,27.468433,19.189566,18.371056,19.353539
68.505013,-63.745808,-82.366203,-87.849846,79.745224,81.630920,78.487717,64.086395,63.472374,-61.624767,-62.591930,77.679398,79.009163,-82.441628,-72.901680,-103.512718,-103.378822,-103.380875,96.282661,99.020386,-102.339615,90.078995,93.659622,-82.578247,-75.216064,80.022675,82.241585,82.157692,80.821823,-57.563427,-69.581329,-66.430267,-66.003441,-68.774391,-66.194061,-94.073059
-108.726112,-97.840370,69.100067,76.992599,-110.438515,-100.348282,-89.826775,-63.836983,-63.901707,-63.340382,-64.291039,67.126564,73.750740,80.109482,74.727348,74.144897,74.845428,74.651344,-67.194344,-70.321266,-68.798775,101.973373,99.217735,83.176743,88.484978,102.081902,-109.315094,-111.225044,-111.662750,-97.003044,74.859459,-74.616104,66.003441,71.284164,-71.629051,85.046265
58.029301,48.288158,-2.488606,31.343372,83.997780,45.294186,41.412327,8.239595,7.423199,6.686830,-4.885074,-3.210893,-2.890763,41.547894,-57.448071,-80.311821,-80.700356,-81.820427,-80.442978,-81.954910,-82.953346,57.036324,-64.589653,-112.957283,103.176514,74.595940,54.589478,46.882454,41.910473,16.694078,-3.117406,-2.514194,-2.258541,-1.824133,-1.639366,-0.414015
31.980383,51.621304,90.382866,71.567825,-9.353535,44.736691,53.822586,88.268723,88.721031,89.640007,90.712189,91.042816,91.026077,-50.557632,-98.825287,-109.191650,-106.855339,-105.549812,-109.665565,-106.904137,-105.540672,-40.057159,-91.977219,114.636856,32.364361,-16.249094,35.437321,-43.204578,48.092751,86.075600,90.219215,90.279915,90.408478,90.375778,90.357826,90.072891
88.095642,69.100029,45.541870,53.871929,99.667580,66.323486,64.132484,-11.505454,-14.020158,-15.758771,-17.067204,-16.364082,22.913183,126.285255,147.145752,171.773041,-160.421707,166.850510,151.722610,175.883240,-160.311035,-93.040855,-98.781136,-103.637741,99.510925,86.762375,84.099220,84.454910,86.392265,66.648232,-12.146452,-17.616051,-18.854290,-14.422407,-12.025820,69.971909
-16.163685,-29.376139,-54.625938,-46.358166,14.154614,28.784616,-26.035686,-99.361839,-102.343224,-105.656738,103.793259,-91.482872,-80.540749,-37.370502,-65.731850,83.332283,107.190376,77.077492,-64.658150,87.229004,-108.868553,-116.330826,-119.810974,-111.563087,-60.753071,-21.094259,-8.757238,-6.035334,16.590910,-28.453447,-97.101196,-106.508865,108.843201,-101.414078,-92.313156,-36.311623
27.826021,32.627457,-27.542212,-23.257219,13.565414,19.488886,19.427610,22.072670,19.033531,21.001396,17.903521,14.667693,15.294527,11.697636,8.919626,-12.001751,-11.927537,-12.159981,-12.278526,-10.966037,-13.768117,-6.904074,-7.141799,-4.210404,-2.637672,-4.701113,-5.036529,-5.629810,-3.765304,39.724857,26.329556,22.471609,22.656160,18.363047,22.558563,14.691708
67.230690,57.429379,-91.071121,-91.537498,88.836418,79.571503,77.032234,-85.101143,-84.912819,-84.795654,-83.560654,-82.872589,-82.953178,78.722038,82.692245,101.995682,101.927406,-102.132042,-102.275917,-100.739342,-102.524460,96.419556,97.012566,-91.855576,-90.198029,-94.414948,-95.013641,95.540520,93.065025,-52.662418,-83.915146,-85.834633,-85.942055,-89.230904,-84.970917,-86.937439
17.478333,39.654579,29.312710,20.274294,-4.394806,38.073315,49.841629,13.983629,11.050827,8.738084,12.744224,30.621721,23.204102,13.013247,9.353262,-9.144519,-9.814720,-11.331015,-10.915727,-9.010202,-6.722049,22.158123,-18.918110,-4.423237,4.263700,1.338668,-2.171687,-5.680306,-7.148114,32.143677,24.327625,-15.240017,22.656160,-14.911541,-11.800879,-11.309075
-74.325142,56.128696,78.360313,86.638573,-90.733139,-52.955761,42.202099,84.737846,86.176064,88.069473,87.293976,64.609970,76.473900,-78.294006,-86.899445,97.941193,98.731834,99.731026,99.568634,98.707169,95.456215,-87.971619,-90.074120,92.240906,86.751999,-89.183044,-91.968010,-94.687714,-95.538864,73.102936,88.420914,93.903931,85.942070,92.187904,92.384789,93.014763
71.601875,-101.509933,-151.942368,-154.067947,47.855049,66.764412,-90.266045,-129.710632,-130.852524,-137.057495,-145.790619,-154.098328,-155.780045,66.245010,12.752750,76.302330,77.760109,80.193138,75.084930,87.679939,-97.452362,-158.221542,-169.576263,-126.986099,83.263863,48.723415,52.334042,53.136318,53.250549,-123.346237,-143.217865,-144.618866,-146.388931,-147.064957,-147.836777,-147.068787
519.698401,519.770790,520.733060,520.795591,522.830685,523.000902,523.027694,523.565498,523.600896,523.630049,523.731918,523.880437,523.902475,524.068802,524.102413,524.264120,524.300312,524.335273,524.368734,524.401904,524.438587,525.567211,525.674201,526.137855,526.168858,526.272873,526.375026,526.401569,526.437574,526.736754,527.236736,527.306594,527.334098,527.410793,527.437427,527.874894
