19,53
-1.000000,5.000000,-1.000000,5.000000,-1.000000,5.000000,-1.000000,5.000000,-1.000000,7.000000,0.000000,-1.000000,0.000000,-1.000000,5.000000,-1.000000,7.000000,5.000000,7.000000,5.000000,-1.000000,5.000000,-1.000000,5.000000,-1.000000,5.000000,-1.000000,7.000000,-1.000000,7.000000,-1.000000,5.000000,-1.000000,5.000000,-1.000000,7.000000,5.000000,7.000000,5.000000,7.000000,0.000000,7.000000,0.000000,7.000000,-1.000000,7.000000,5.000000,-1.000000,5.000000,-1.000000,5.000000,7.000000,-1.000000
14.234221,12.550093,14.632127,14.144514,13.435762,13.048569,12.555969,11.114536,13.173046,10.981340,15.563619,19.008625,31.529922,45.143761,41.028099,39.273781,34.305931,29.965347,27.467012,23.536604,22.972345,20.511499,17.296211,15.419880,15.351595,13.427397,14.459779,11.693374,12.990007,13.564861,16.963348,17.777012,18.466194,18.047600,17.228012,15.430164,15.047023,14.275123,14.045834,14.259339,13.096281,13.580752,13.875343,10.831582,18.337749,38.612984,40.300930,15.621021,14.404420,13.330534,9.074263,10.334701,10.779630
14.266616,12.595370,14.640789,14.147714,13.438319,13.050519,12.556456,11.114642,13.173151,10.981358,10.874459,14.686213,29.460922,4.746645,17.436611,15.873461,8.360671,14.938788,16.123768,18.484655,18.724638,18.531055,17.285915,15.413495,15.347389,13.424044,14.457055,11.692496,14.035501,13.566565,12.475962,12.394318,13.242922,12.972829,11.649549,9.783919,9.886244,4.615582,7.632395,8.605625,5.559646,7.956555,9.656263,7.337807,17.736038,39.047722,40.675781,15.621047,14.404448,13.330563,9.074306,10.334738,10.779667
82.762505,88.322784,91.934654,89.477486,89.194298,88.290680,83.750923,78.889107,-76.987511,-80.109695,77.050903,-71.842270,59.328224,55.661671,59.589153,61.061569,64.437218,67.095322,68.508865,74.370987,75.152763,79.952950,79.749283,80.402016,75.360397,76.717957,-75.717072,-79.259010,77.417915,77.576073,74.713516,73.628960,72.647133,73.115562,73.918068,75.603287,76.562798,77.326622,77.213127,77.287933,78.280151,78.093338,77.726448,-79.174149,-71.682732,53.831734,52.709156,79.158165,77.562416,-76.761810,80.927193,-79.822983,-79.452232
97.138008,91.629890,88.060463,90.520401,90.804001,91.707985,96.248672,101.111015,-103.012627,-99.890373,90.464561,80.048851,108.531158,-90.903633,72.576553,74.130463,-94.073364,104.934120,106.062836,105.019135,104.301575,99.896889,100.243378,99.592499,104.635368,103.278633,-104.280312,-100.740295,-103.414146,-102.732323,-102.067215,-102.099510,-102.801102,-102.583916,-101.564445,-99.621857,-99.165314,-89.283104,-85.724472,-84.610672,86.778633,87.464691,87.759186,-95.654472,-106.579247,127.008286,128.018082,100.841805,102.437569,-103.238213,99.072838,-100.177063,-100.547813
30.124697,25.246368,22.413784,22.681913,24.361029,25.265690,26.691484,13.513952,57.832611,16.125847,21.657631,22.281590,26.011385,38.370232,31.366909,30.366646,27.577185,27.835318,25.128462,30.576389,34.178864,37.124382,24.560284,23.414497,16.456558,10.680579,11.138410,10.366500,24.451595,25.293968,27.392204,27.200220,27.896078,27.849789,25.985388,23.492710,21.059000,20.786371,20.016180,20.081799,20.855797,21.327999,21.438412,17.815962,21.137960,24.075678,26.230316,22.779390,10.752152,14.059658,13.039247,14.753817,15.521586
22.267176,28.009233,41.400055,37.493336,34.787220,32.244728,17.147879,13.513937,11.690828,17.640251,5.018329,20.230146,26.011395,39.433594,31.366909,58.439331,39.640800,28.214657,22.172115,14.146638,13.877507,18.274122,23.715113,19.566870,12.683224,7.378845,5.290539,20.312490,9.727730,10.055297,3.006415,2.618830,3.919715,4.789620,3.927202,2.330030,1.883671,4.404466,6.629157,6.667210,5.512244,5.676371,6.008086,14.098644,26.452393,75.908325,76.052315,15.086162,10.752133,10.349235,14.553984,13.495818,12.340391
64.492188,67.153831,68.500748,69.039337,67.405487,65.762184,-63.380898,77.956398,39.233074,81.055405,84.177147,72.697891,69.929626,58.054100,63.367626,63.758762,66.355591,65.151230,67.764297,66.728310,66.719093,69.044586,67.826141,66.749146,77.426109,87.386978,89.758751,86.772957,79.221397,79.814285,81.878807,82.768753,83.987938,84.228035,81.308327,81.690590,83.237511,83.794617,85.786377,86.354622,86.776367,86.144791,85.825554,72.190002,71.453712,76.914886,74.617317,68.308044,80.127960,85.094818,78.891907,79.825478,83.108284
70.247330,68.763367,58.151371,60.821873,62.209835,63.446079,72.900475,-77.956398,-80.487473,106.136307,95.014030,-70.852737,-69.929619,-57.364384,-63.367641,54.587624,70.495209,66.917320,70.520599,-76.137787,-76.516251,-71.726189,-66.291824,-70.445107,-79.205910,-84.970963,-91.881104,109.601700,-99.323097,-98.521942,-89.605095,-89.097511,-90.380531,-89.850395,-88.161293,-87.799355,91.589706,94.371689,96.622673,-96.666191,-95.508797,-95.639420,-95.972343,-89.791946,63.547607,70.369370,77.503181,-75.055298,-80.127960,-99.735153,104.450287,103.284042,-102.337227
-0.777077,-0.567173,-0.221173,-0.145370,-0.129722,-0.118694,-0.068528,0.027976,0.027976,0.000000,6.147683,12.931735,8.041713,-3.048831,-2.493792,-2.254030,-1.660007,-1.219007,-1.099139,-0.725777,-0.653719,-0.430693,0.034264,0.027976,0.027976,0.027976,0.000000,0.000000,14.299464,14.240150,13.226901,13.910333,13.612653,13.595463,14.849089,14.577015,13.375855,13.221363,14.035826,13.199799,12.337355,11.924645,11.031157,14.047733,13.285105,-7.577637,-6.938055,0.034264,0.034264,0.000000,0.027976,0.000000,0.000000
90.653313,90.454369,90.141411,90.095734,90.086899,90.077065,90.040680,89.982094,89.981056,89.990105,84.025116,78.653549,87.611778,90.810104,90.863327,90.822945,90.699043,90.405907,90.392723,90.296768,90.246948,90.151604,89.989395,89.987541,89.983505,89.983269,89.983109,89.988762,-75.934334,-76.074974,-76.779922,76.143402,76.407738,76.418648,75.188919,-75.428238,76.625092,-76.781418,75.967430,76.822899,-77.722473,-78.108299,-79.003151,84.806358,89.590370,94.221802,94.073486,89.990379,89.985741,89.983246,89.986298,89.986496,89.987541
5.562218,4.039584,1.555574,1.019716,0.917493,0.825905,0.486985,-0.209357,-0.189746,-0.074019,125.159271,129.156830,77.500778,74.582390,24.363091,22.017141,-25.084597,-27.854153,-27.215286,-21.975206,-20.455999,-14.763107,-1.345521,-1.091636,-0.885365,0.797703,0.718461,0.425206,0.204630,0.164325,0.106531,0.096913,0.086229,0.081565,0.059347,0.052339,0.027976,3.602012,4.003550,4.628551,121.431519,129.100037,132.091217,114.157181,92.624283,37.992451,34.107857,-0.155766,-0.139882,-0.090654,-0.062557,-0.062557,-0.059347
87.508408,88.465912,89.670319,89.774261,89.813072,89.856537,89.993866,-90.209373,-90.182053,-90.055748,59.050694,61.941277,52.649578,-32.150177,-84.855652,-89.372040,-92.227402,-102.567039,-105.185379,-110.337265,-109.289291,-104.645714,-91.060760,-90.703636,-90.089973,-89.898941,-89.681870,-89.687683,-89.819244,-89.849998,-89.896767,-89.906868,-89.914993,-89.923317,-89.938255,-89.949471,-89.970650,-87.367455,-86.173218,85.371490,55.996151,60.226055,61.536499,80.139061,81.558746,63.115067,64.024979,90.076729,90.103996,90.092125,-90.067017,-90.057381,-90.050346
53.116234,40.123268,35.075249,37.702808,42.238586,48.751125,48.637527,18.802736,83.448044,19.745728,6.549518,31.303375,25.145901,14.350231,14.798621,16.175287,20.910816,27.565969,28.387671,39.484802,44.506489,35.147736,36.555244,42.930664,31.198944,19.591745,18.773523,17.945852,18.488802,10.128092,10.162447,-10.334091,10.190686,-9.995011,7.449533,6.445337,5.633151,6.133571,5.498754,5.791327,6.278947,6.547990,6.358014,26.848232,33.938519,8.350073,11.594862,35.214977,36.609047,23.522352,20.989483,20.747595,18.520166
50.799744,51.385685,56.558571,53.058765,48.027950,-41.467613,-53.306976,-72.065132,14.188440,72.464539,85.915482,60.675350,65.623199,-77.043465,-76.631638,-74.793579,-69.214722,62.466969,61.708668,56.283611,56.352341,61.412083,-53.579704,-47.227211,61.291595,77.624290,80.345848,77.159554,72.832794,81.627975,88.116562,90.016685,89.760956,90.221489,89.301224,88.919586,89.470917,87.473129,87.977379,88.265526,89.004089,88.006035,87.439987,-66.090881,56.065453,-83.251259,-80.493080,55.113464,-54.609760,76.166016,73.749306,76.138000,81.621910
26.183384,25.980610,32.200630,31.468555,30.109589,28.885748,10.441576,18.802725,26.868013,11.070586,11.633217,90.413376,25.145901,11.390065,14.798621,114.203613,43.922848,30.427713,25.008373,10.883253,8.871259,13.928959,14.358261,24.484428,35.308117,34.538956,31.201759,7.484746,9.065532,8.505769,16.040304,14.673949,12.162104,11.768373,10.045689,9.887616,9.439464,8.422730,7.891280,8.691969,10.601367,10.169471,9.847761,55.533276,101.554077,22.935102,3.409271,35.714081,36.609047,18.024559,5.124227,4.391819,2.270382
67.126846,67.330368,59.831657,61.773018,62.611919,63.333023,-84.206078,72.065132,65.297096,83.102089,78.994362,34.480274,-65.623184,80.076233,76.631645,29.198154,50.174011,66.973732,71.910042,80.309570,81.804985,76.253761,-75.792923,66.292900,55.534420,55.731453,-58.834389,84.025421,81.925606,-81.515312,73.962013,75.353905,-77.845146,-78.425156,-80.342361,-80.405052,80.562965,-81.577286,82.117180,-81.309280,-79.398605,79.834221,80.160278,46.133106,33.664925,-67.873566,86.647987,56.989079,54.609760,71.987625,86.290039,86.683617,88.008873
-166.071671,-166.974152,-164.033524,-164.542252,-165.049377,-164.766953,-160.670959,82.238335,72.732109,50.860626,26.808550,-122.423683,-152.048752,-154.252548,-155.003922,-155.569626,-158.170624,-161.509018,-163.502838,-162.756042,-162.869186,-162.298721,-135.327713,-126.406586,-101.178024,-91.440025,77.652397,59.160133,43.244129,41.032818,31.947683,30.883507,28.868654,28.049124,27.361500,25.202526,30.232689,32.713932,33.376087,33.713512,32.424911,32.968231,32.965805,-125.757607,-139.537430,-162.629700,-162.776505,-113.449318,-100.105949,68.972794,61.973824,50.387989,46.899822
45.334158,45.441280,45.739887,45.872991,45.906801,45.942256,46.105231,46.373855,46.405612,46.709855,47.806161,48.543168,48.713305,49.040959,49.111203,49.146594,49.248083,49.342339,49.377636,49.511693,49.545149,49.676012,50.478821,50.544617,50.612685,50.646747,50.675437,50.846229,51.081654,51.143221,51.277636,51.313411,51.343955,51.382280,51.447265,51.513097,51.683102,51.745131,51.813099,51.847612,52.147921,52.187170,52.213285,52.852958,52.913584,53.183565,53.214670,54.919310,54.955402,55.079232,55.183736,55.218371,55.254690
