62,53
-1.000000,5.000000,-1.000000,5.000000,-1.000000,5.000000,-1.000000,5.000000,-1.000000,7.000000,0.000000,-1.000000,0.000000,-1.000000,5.000000,-1.000000,7.000000,5.000000,7.000000,5.000000,-1.000000,5.000000,-1.000000,5.000000,-1.000000,5.000000,-1.000000,7.000000,-1.000000,7.000000,-1.000000,5.000000,-1.000000,5.000000,-1.000000,7.000000,5.000000,7.000000,5.000000,7.000000,0.000000,7.000000,0.000000,7.000000,-1.000000,7.000000,5.000000,-1.000000,5.000000,-1.000000,5.000000,7.000000,-1.000000
-34.627171,-14.138367,-26.530903,3.104979,14.510055,24.499701,32.414665,-243.992355,-285.875610,-494.715637,-622.320801,-310.181122,-217.603394,-208.066971,-185.112473,-175.276413,-130.226349,-73.144348,-49.588608,49.852600,65.584656,121.878906,-46.322773,-109.657272,-210.153473,-259.636078,-319.500366,-459.103485,-607.333313,-617.516724,-615.272888,-612.786072,-614.044434,-614.041443,-615.007874,-622.395874,-627.863342,-626.692688,-630.002625,-631.761230,-632.380737,-629.053772,-629.179932,-277.609039,-230.673584,-182.916840,-187.959183,-183.051422,-240.412827,-396.822906,-463.217743,-514.829712,-538.748352
372.135681,355.034424,333.573639,338.940674,340.634064,345.014160,381.273773,402.310059,415.458557,394.212891,408.605469,441.366364,418.147278,336.632751,344.902283,353.738037,389.178955,411.310669,403.152527,398.594666,397.681641,381.755798,394.087769,400.959167,422.137024,415.192871,421.043091,400.742706,413.306396,416.438141,408.562988,405.856323,411.251099,411.497131,409.645569,402.544189,407.621826,409.618347,409.687500,409.688416,406.793457,405.253235,404.400513,408.632629,423.235474,368.893555,359.615479,404.981384,410.700928,421.298492,401.480377,405.393066,412.291443
2671.525391,2658.089111,2631.081787,2646.063965,2647.445068,2643.932129,2619.718750,2532.105957,2542.001709,2539.775879,2547.971436,2574.077637,2671.134521,2800.677002,2807.677002,2813.360352,2819.799561,2808.334473,2801.755615,2820.180664,2815.199463,2806.490723,2700.127686,2678.473145,2645.280029,2623.197266,2622.734863,2589.715332,2574.840088,2580.104980,2591.942871,2589.022217,2600.155273,2604.343262,2601.505615,2606.664795,2599.691650,2597.963867,2599.274414,2598.369629,2585.952148,2584.392090,2584.065918,2563.272217,2604.501465,2718.595215,2728.845215,2636.922119,2618.597900,2596.278564,2576.711182,2585.466309,2588.469727
-371.828003,-356.715271,-367.459991,-338.736664,-327.141327,-316.044250,-297.818634,-200.473038,-186.425400,-276.439087,-311.872437,-471.890167,-491.423035,-482.740479,-470.442810,-465.891968,-433.026794,-392.682220,-372.872437,-283.263275,-270.035858,-220.682281,-307.358917,-327.618286,-282.490997,-270.861053,-244.042969,-278.710236,-354.952637,-355.053955,-322.212250,-316.839691,-312.322968,-309.957458,-309.273956,-308.961456,-326.675720,-331.825409,-335.958923,-338.498413,-335.511353,-334.323212,-334.375824,-456.720123,-462.001648,-450.183716,-452.111603,-327.274567,-306.957855,-278.199493,-308.362457,-303.703125,-312.504089
328.847900,344.971008,345.182129,335.804596,335.798401,334.758392,343.855743,338.577515,340.050812,335.158630,344.887512,293.735657,235.776596,140.485504,168.801468,185.355377,238.961365,275.754852,275.548889,304.763367,308.433197,320.993134,332.112701,342.892365,334.118164,335.181458,335.122986,335.836945,332.154419,339.274994,335.362000,332.441162,333.655853,335.178009,339.404541,343.987610,351.824432,353.044312,352.632111,352.904053,350.639862,346.935486,345.301086,286.179993,281.697601,168.764053,155.081818,342.153015,338.761353,344.807922,348.808777,346.375061,351.147308
2622.021973,2632.488525,2674.520752,2683.143066,2686.237061,2690.138184,2707.548828,2853.697754,2852.781006,2798.766113,2697.884521,2841.370605,2777.411865,2714.753662,2713.273682,2720.948730,2735.727295,2779.369629,2778.891357,2780.891602,2788.614014,2790.083984,2922.178467,2943.818848,2974.380615,2961.959473,2951.690430,2880.463379,2803.062744,2798.592285,2769.029785,2761.357666,2760.130859,2760.605957,2757.589111,2751.805908,2769.650635,2778.768555,2781.477539,2781.950684,2763.842773,2765.099609,2764.435059,2817.339111,2799.639160,2730.194824,2726.273438,2931.578369,2937.920166,2899.013428,2867.943604,2837.483887,2826.471191
-242.259125,-201.933640,-187.342255,-168.539093,-157.889587,-150.832352,-148.146408,-212.701813,-224.468704,-369.646851,-440.915924,-448.025269,-445.060547,-477.944244,-453.935303,-443.042175,-391.984650,-323.543945,-296.347717,-183.913086,-165.968231,-90.384933,-171.642105,-206.670990,-240.647278,-260.815216,-277.655731,-361.448517,-455.784546,-463.157410,-437.701508,-430.267395,-426.875977,-426.801514,-425.911804,-435.533264,-454.781616,-460.867981,-468.100464,-471.959747,-466.124695,-462.362946,-462.698547,-421.956299,-418.982788,-438.935364,-448.050903,-236.870331,-257.744446,-324.953766,-366.707672,-384.705780,-398.863586
561.532837,563.724487,551.127014,549.628784,551.222961,553.129456,572.501953,578.250366,584.598572,579.937805,590.995300,560.002930,509.420166,390.539886,418.952271,436.117859,492.721375,530.017822,531.812195,552.173828,554.078125,556.915894,567.403564,578.097656,584.550903,583.774048,586.344971,580.470032,584.431580,588.752136,586.177673,583.775024,586.482666,586.631775,589.253418,589.717407,595.243225,595.403320,593.286743,593.630371,592.426880,589.527405,587.907715,544.972961,547.624146,438.905518,422.741394,580.176270,582.804199,592.932983,590.795410,592.355774,596.840210
2692.669434,2692.954102,2709.961182,2721.009033,2721.128418,2721.233887,2715.008789,2734.666504,2746.727783,2712.210205,2661.554688,2783.355469,2802.959961,2842.160645,2837.180176,2840.226562,2844.186768,2869.330811,2856.422363,2864.816162,2868.664062,2867.213379,2877.586914,2869.854004,2872.745361,2848.040771,2846.618652,2782.396729,2736.528564,2738.431641,2714.043945,2706.166260,2712.813477,2715.608887,2702.637695,2699.877930,2716.447510,2727.910400,2736.010986,2737.195557,2718.730225,2719.043213,2719.729248,2756.047607,2765.299072,2788.963379,2794.346924,2845.872803,2837.124023,2802.724854,2757.252197,2748.982666,2745.873779
-168.727051,-175.357330,-211.480209,-171.781403,-159.158875,-146.065247,-120.352043,-229.177429,-243.875626,-396.060760,-496.983398,-330.967133,-259.878448,-206.874725,-198.771484,-196.821869,-171.580414,-143.826187,-127.886627,-51.202873,-41.954727,-8.707639,-182.545441,-231.903229,-252.066315,-271.351135,-285.461365,-375.455475,-508.918610,-512.549622,-502.628998,-500.353699,-501.054443,-500.027039,-499.968414,-497.008362,-501.361023,-499.569824,-500.730103,-501.987305,-502.440674,-501.389130,-501.694214,-314.380188,-275.149963,-189.297775,-187.721268,-276.616516,-292.002258,-350.553955,-403.051270,-429.388977,-447.669373
131.547745,129.475952,120.666138,118.173508,118.346626,119.670258,141.925232,149.067017,157.858398,142.767914,154.773499,163.620682,138.349442,79.896095,87.010635,95.203049,127.933304,148.275467,139.358414,145.011658,145.511597,140.237518,147.871063,154.618561,160.750076,155.928894,159.804047,147.551239,153.404541,158.001968,151.183167,148.280151,152.308685,152.942383,153.026077,150.400101,156.921616,159.001724,159.301849,159.504349,156.592575,154.118561,153.005157,137.612823,148.153259,95.009964,87.305908,156.367004,156.291138,163.602890,152.442535,154.019043,160.175995
2603.219727,2597.228271,2597.566406,2609.505371,2614.392090,2615.998047,2616.070068,2649.969238,2646.507324,2627.505127,2590.473145,2631.430176,2644.439453,2677.073242,2687.381836,2695.616699,2713.995850,2724.854492,2728.040283,2738.735107,2737.771973,2730.570801,2744.375488,2752.694824,2750.429199,2740.589844,2731.046387,2689.875000,2641.678467,2643.252930,2645.302979,2642.132568,2644.788818,2648.833740,2653.963623,2656.978027,2654.218506,2651.922852,2649.547119,2648.485352,2635.645020,2635.240967,2634.112793,2626.403076,2638.267090,2657.510254,2660.792236,2727.436523,2725.229492,2697.308838,2691.228027,2676.375488,2671.508545
-236.621628,-269.211456,-329.467010,-279.558777,-265.744263,-249.800766,-208.228638,-223.218475,-222.139801,-340.323486,-434.388123,-318.929321,-247.735229,-146.976791,-148.743683,-157.144073,-154.723251,-150.634567,-141.359283,-85.487022,-82.214417,-70.584991,-263.814240,-309.375214,-278.635437,-280.617279,-267.496521,-328.234070,-461.744690,-460.637848,-449.203491,-447.743866,-448.998444,-447.486237,-446.690063,-434.939423,-435.695374,-432.047699,-430.886963,-431.481476,-432.500946,-433.283539,-433.789764,-314.545410,-274.434509,-144.701630,-137.401855,-343.310516,-330.276611,-327.263733,-372.154358,-384.103912,-400.441650
-100.541168,-94.103653,-94.521408,-101.977997,-102.991333,-103.661026,-90.070740,-91.206757,-84.376526,-97.065788,-86.180969,-84.158813,-105.204483,-134.918213,-131.574646,-127.859207,-104.434097,-87.663055,-98.848412,-89.763374,-88.767387,-89.093292,-85.298523,-79.793839,-81.966934,-85.879333,-83.132034,-92.533875,-90.021042,-84.836136,-91.405029,-94.455917,-90.963028,-90.183685,-89.404053,-89.914642,-82.508118,-80.179749,-79.552292,-79.203644,-82.259094,-85.231293,-86.445923,-108.380661,-99.278366,-140.701996,-146.225479,-80.541443,-83.724136,-79.275604,-86.639725,-86.129913,-80.088333
2544.633545,2541.401611,2555.519043,2565.667480,2573.722168,2578.996338,2595.162842,2702.390137,2687.687988,2664.311523,2602.677246,2634.527344,2596.623047,2571.833740,2588.157715,2597.341309,2624.354492,2647.164307,2658.909668,2665.164795,2665.673828,2657.941650,2741.876709,2772.408691,2785.771973,2784.076172,2769.282715,2731.324219,2662.180908,2662.234863,2662.879395,2660.406982,2657.114502,2661.734131,2674.891357,2677.970459,2674.415527,2669.336182,2662.994629,2661.499512,2649.384277,2649.572510,2647.706299,2637.608887,2633.910889,2594.212891,2593.226807,2763.051758,2767.967285,2739.695801,2750.698242,2719.351562,2708.417236
-31.831409,-61.364220,-122.462944,-71.935143,-58.259964,-42.915672,-7.775557,-249.025848,-281.061676,-472.764832,-619.352234,-222.867935,-82.752136,10.285355,9.213036,11.024986,31.654747,41.156387,52.273804,114.086205,118.846710,134.557800,-112.685837,-180.962128,-236.985367,-274.290131,-310.805603,-435.774109,-611.643799,-616.989990,-623.827393,-624.045227,-628.851929,-628.622986,-628.901733,-621.736694,-615.209656,-607.713501,-606.071899,-606.208130,-609.369690,-608.895935,-609.431335,-208.646164,-133.490112,20.611092,26.587547,-252.829575,-290.361755,-399.929688,-468.470520,-514.919067,-538.983398
-74.251434,-87.998001,-101.569809,-100.073242,-100.054642,-97.430496,-67.357849,-53.412750,-39.699249,-61.234085,-48.218018,3.539520,4.678360,-22.615677,-34.086578,-30.422043,-11.973007,-6.300598,-22.419357,-33.548050,-35.301071,-52.705566,-49.417694,-45.583450,-31.287949,-40.779388,-33.817856,-53.840820,-41.821609,-38.869125,-47.787292,-50.720963,-44.709183,-44.721924,-47.541718,-55.016724,-49.251678,-46.476044,-45.559921,-45.371399,-48.803925,-50.483185,-51.235016,-35.980667,-13.041672,-16.915771,-19.248184,-41.124939,-40.573593,-32.419250,-53.879288,-49.562042,-42.646439
2574.697998,2556.933838,2529.144043,2543.146973,2550.164062,2550.925537,2541.849854,2511.683105,2503.558594,2507.166504,2513.359375,2475.745117,2532.588379,2621.028564,2640.418945,2650.816406,2676.102051,2664.549561,2672.604492,2688.703369,2681.600586,2667.766846,2613.319092,2616.078613,2596.284180,2593.126465,2580.477539,2557.997070,2526.630127,2532.079590,2557.359863,2557.743408,2561.754639,2568.651611,2581.868408,2591.470947,2573.116211,2561.622803,2554.441895,2552.121582,2543.400879,2541.899658,2540.243896,2487.392090,2515.016846,2587.038086,2594.823486,2578.193848,2576.432617,2554.247559,2569.559082,2563.200195,2562.676025
0.000000,0.000000,0.000000,0.000000,0.000000,0.000000,0.000000,0.000000,0.000000,0.000000,0.000000,0.000000,0.000000,0.000000,0.000000,0.000000,0.000000,0.000000,0.000000,0.000000,0.000000,0.000000,0.000000,0.000000,0.000000,0.000000,0.000000,0.000000,0.000000,0.000000,0.000000,0.000000,0.000000,0.000000,0.000000,0.000000,0.000000,0.000000,0.000000,0.000000,0.000000,0.000000,0.000000,0.000000,0.000000,0.000000,0.000000,0.000000,0.000000,0.000000,0.000000,0.000000,0.000000
0.000000,0.000000,0.000000,0.000000,0.000000,0.000000,0.000000,0.000000,0.000000,0.000000,0.000000,0.000000,0.000000,0.000000,0.000000,0.000000,0.000000,0.000000,0.000000,0.000000,0.000000,0.000000,0.000000,0.000000,0.000000,0.000000,0.000000,0.000000,0.000000,0.000000,0.000000,0.000000,0.000000,0.000000,0.000000,0.000000,0.000000,0.000000,0.000000,0.000000,0.000000,0.000000,0.000000,0.000000,0.000000,0.000000,0.000000,0.000000,0.000000,0.000000,0.000000,0.000000,0.000000
0.000000,0.000000,0.000000,0.000000,0.000000,0.000000,0.000000,0.000000,0.000000,0.000000,0.000000,0.000000,0.000000,0.000000,0.000000,0.000000,0.000000,0.000000,0.000000,0.000000,0.000000,0.000000,0.000000,0.000000,0.000000,0.000000,0.000000,0.000000,0.000000,0.000000,0.000000,0.000000,0.000000,0.000000,0.000000,0.000000,0.000000,0.000000,0.000000,0.000000,0.000000,0.000000,0.000000,0.000000,0.000000,0.000000,0.000000,0.000000,0.000000,0.000000,0.000000,0.000000,0.000000
-34.180107,-13.909878,-26.500208,3.117681,14.520287,24.507921,32.417557,-243.991608,-285.874969,-494.715240,-634.739990,-163.833405,-134.729065,18.771393,178.760513,208.624802,-2.661476,-30.023136,-20.179577,56.460533,70.233925,123.158669,-46.318893,-109.654732,-210.151855,-259.634796,-319.499329,-459.102966,-607.332947,-617.516357,-615.272522,-612.785706,-614.044067,-614.041077,-615.007507,-622.395508,-627.862976,-692.106079,-711.114380,-708.301147,-660.223267,-645.735779,-639.225464,-244.060471,-220.669434,-184.520523,-189.348816,-183.051239,-240.412643,-396.822723,-463.217560,-514.829529,-538.748169
76.166412,59.064514,37.603546,42.970551,44.663940,49.044037,85.303650,106.339935,119.488434,98.242767,102.067474,207.342499,136.289276,80.432678,81.611145,41.828369,151.996552,133.353210,118.938690,104.654724,103.013550,86.004791,98.117676,104.989075,126.166931,119.222778,125.072968,104.772583,117.336273,120.468018,112.592865,109.886200,115.280975,115.527008,113.675446,106.574066,111.651703,-42.748627,14.598785,66.094635,101.205719,107.611816,112.996246,124.305115,132.486023,73.079437,63.745300,109.011261,114.730804,125.328369,105.510254,109.422943,116.321320
2672.052734,2658.359375,2631.118164,2646.078857,2647.457031,2643.941650,2619.721924,2532.106445,2542.002197,2539.775879,2449.510254,2467.243896,2706.997803,2636.119629,2707.465576,2697.955811,2697.039551,2716.255615,2724.581055,2786.211182,2787.861084,2795.176270,2700.073975,2678.438721,2645.258057,2623.179688,2622.720703,2589.710693,2574.839111,2580.104248,2591.942627,2589.021973,2600.155029,2604.343018,2601.505615,2606.664795,2599.691650,2551.955811,2548.133301,2550.637451,2500.679688,2488.673828,2481.510742,2488.233887,2550.067627,2709.119873,2721.281006,2636.922119,2618.597900,2596.278564,2576.711182,2585.466309,2588.469727
-371.818665,-356.710602,-367.459595,-338.736633,-327.141357,-316.044342,-297.818817,-200.473221,-186.425583,-276.439270,-263.469482,-464.262634,-490.070190,-482.649506,-470.385986,-465.846863,-433.004364,-392.670868,-372.863373,-283.259735,-270.033112,-220.681335,-307.359100,-327.618469,-282.491180,-270.861237,-244.043152,-278.710419,-327.375671,-315.629761,-272.585571,-266.326477,-261.196533,-261.140137,-267.453339,-264.886963,-271.551971,-276.852844,-279.213013,-278.612640,-283.072632,-281.034454,-280.008423,-419.953674,-440.549286,-447.175537,-449.725464,-327.274750,-306.958038,-278.199677,-308.362640,-303.703308,-312.504272
32.877777,49.000885,49.212006,39.834473,39.828278,38.788269,47.885620,42.607391,44.080688,39.188507,0.220886,0.340546,-59.915146,-155.481293,-127.167282,-110.613861,-57.008545,-20.215179,-20.421143,8.793243,12.463074,25.023010,36.142578,46.922241,38.148041,39.211334,39.152863,39.866821,-31.479126,-16.117950,-5.289673,-2.190186,-3.162964,-1.632782,21.559174,6.569702,2.354187,11.861511,13.216766,14.110138,-2.550568,-2.778473,-2.409302,-4.603546,-12.122162,-127.145035,-140.849274,46.182892,42.791229,48.837799,52.838654,50.404938,55.177185
2621.993164,2632.473633,2674.518799,2683.142334,2686.236328,2690.137695,2707.548584,2853.697754,2852.781006,2798.766113,2636.374756,2803.168457,2764.649902,2713.377686,2712.393066,2720.244141,2735.366455,2779.184814,2778.743652,2780.831055,2788.565674,2790.064209,2922.178467,2943.818848,2974.380615,2961.959473,2951.690430,2880.463379,2765.666504,2750.120117,2726.884521,2726.920166,2724.016357,2723.975830,2732.594482,2725.333496,2727.863770,2730.742432,2731.693115,2727.858398,2709.441650,2708.717285,2708.876465,2776.212158,2771.213379,2724.992188,2722.099365,2931.578369,2937.920166,2899.013428,2867.943604,2837.483887,2826.471191
-62.270409,-34.433746,-34.474167,-2.117061,9.808377,20.266644,29.912136,-245.070175,-286.845703,-495.091339,-389.171417,-256.428284,-357.846191,227.208969,501.545715,546.510559,223.768036,126.635803,115.664795,129.961334,132.970200,156.563751,-44.918114,-108.537865,-209.258896,-258.835754,-318.783966,-458.688690,-607.137756,-617.358704,-615.169189,-612.692627,-613.960266,-613.965515,-614.946106,-622.345886,-627.835083,-741.757751,-772.966187,-767.001953,-404.709595,-406.542542,-406.741882,-341.171478,-378.977051,-329.959961,-324.371521,-183.792709,-241.079865,-397.260040,-463.536774,-515.117065,-539.007263
-218.447174,-236.184235,-258.258148,-252.952789,-251.268219,-246.895325,-210.655762,-189.628174,-176.480042,-197.727051,254.326157,259.712646,23.588234,-10.975243,-10.836647,-73.025490,-4.135315,-74.116837,-102.657364,-156.345398,-164.273315,-197.238129,-197.769653,-190.926697,-169.767487,-176.718353,-170.873688,-191.189392,-178.631927,-175.500854,-183.376740,-186.083588,-180.688843,-180.442871,-182.294495,-189.395844,-184.318115,-347.291046,-301.866608,-248.244507,228.684570,272.615875,295.728088,165.966766,94.556702,-162.834152,-183.108994,-186.957825,-181.238464,-170.641357,-190.459503,-186.546844,-179.648468
2675.526855,2660.652344,2631.852539,2646.538574,2647.867188,2644.307617,2619.931396,2532.194336,2542.081055,2539.806152,2495.991943,2743.435547,2865.476562,2866.918701,2717.252197,2672.558838,2587.719727,2574.790039,2583.018799,2667.571045,2677.312500,2716.073975,2693.210693,2672.875732,2640.749512,2619.120850,2619.067139,2587.551514,2573.805908,2579.267334,2591.393311,2588.527588,2599.710205,2603.942627,2601.181152,2606.402100,2599.536621,2501.969971,2484.321289,2483.138184,2517.528076,2544.218750,2555.146973,2764.697266,2797.248535,2812.997070,2813.096680,2637.239746,2618.883545,2596.465820,2576.847656,2585.589111,2588.580322
-369.875061,-355.300598,-366.917297,-338.381378,-326.821686,-315.756836,-297.649384,-200.399078,-186.358459,-276.410370,-215.482971,-391.157166,-448.373444,-468.864990,-459.294312,-455.893219,-425.800842,-387.448242,-368.170044,-280.194855,-267.277130,-218.878143,-307.215668,-327.501770,-282.395935,-270.775085,-243.965225,-278.662506,-243.485107,-220.790131,-192.172852,-191.412262,-185.862762,-188.304993,-200.219574,-193.272400,-193.328674,-194.058838,-195.046844,-196.433105,-199.333252,-198.148575,-197.951202,-324.313293,-366.423096,-420.007019,-425.655212,-327.180420,-306.872894,-278.142731,-308.320190,-303.664673,-312.468994
-263.064758,-246.954590,-246.755859,-256.134674,-256.141083,-257.181274,-248.084290,-253.362457,-251.889160,-256.781342,-311.577148,-285.026245,-352.115906,-450.989044,-422.833923,-406.338135,-352.848053,-316.115845,-316.335022,-287.152618,-283.487396,-270.938690,-259.827332,-249.047638,-257.821808,-256.758514,-256.816986,-256.102997,-328.212921,-316.918610,-307.230286,-306.891388,-308.937347,-308.251068,-281.547699,-297.061798,-293.976166,-278.922546,-272.367371,-271.266602,-302.465210,-304.673462,-306.415894,-273.818573,-290.169708,-419.685730,-434.037689,-249.787018,-253.178680,-247.132111,-243.131226,-245.564911,-240.792633
2618.448486,2629.885986,2673.513916,2682.482666,2685.642578,2689.603271,2707.232910,2853.561768,2852.658691,2798.718750,2545.165527,2774.539062,2742.777832,2704.239990,2704.873535,2713.431641,2730.320801,2775.464844,2775.385742,2778.607666,2786.561035,2788.741943,2922.072021,2943.732666,2974.310791,2961.896484,2951.633789,2880.429932,2684.897705,2654.386719,2622.161377,2620.386963,2617.533447,2616.736084,2628.853271,2624.795410,2623.216553,2624.244873,2619.978027,2615.168945,2603.048340,2600.506836,2605.323730,2698.917480,2701.980713,2689.213135,2689.549561,2931.414795,2937.772949,2898.916748,2867.873291,2837.420410,2826.414062
0.000000,0.000000,0.000000,0.000000,0.000000,0.000000,0.000000,0.000000,0.000000,0.000000,0.000000,0.000000,0.000000,0.000000,0.000000,0.000000,0.000000,0.000000,0.000000,0.000000,0.000000,0.000000,0.000000,0.000000,0.000000,0.000000,0.000000,0.000000,0.000000,0.000000,0.000000,0.000000,0.000000,0.000000,0.000000,0.000000,0.000000,0.000000,0.000000,0.000000,0.000000,0.000000,0.000000,0.000000,0.000000,0.000000,0.000000,0.000000,0.000000,0.000000,0.000000,0.000000,0.000000
0.000000,0.000000,0.000000,0.000000,0.000000,0.000000,0.000000,0.000000,0.000000,0.000000,0.000000,0.000000,0.000000,0.000000,0.000000,0.000000,0.000000,0.000000,0.000000,0.000000,0.000000,0.000000,0.000000,0.000000,0.000000,0.000000,0.000000,0.000000,0.000000,0.000000,0.000000,0.000000,0.000000,0.000000,0.000000,0.000000,0.000000,0.000000,0.000000,0.000000,0.000000,0.000000,0.000000,0.000000,0.000000,0.000000,0.000000,0.000000,0.000000,0.000000,0.000000,0.000000,0.000000
0.000000,0.000000,0.000000,0.000000,0.000000,0.000000,0.000000,0.000000,0.000000,0.000000,0.000000,0.000000,0.000000,0.000000,0.000000,0.000000,0.000000,0.000000,0.000000,0.000000,0.000000,0.000000,0.000000,0.000000,0.000000,0.000000,0.000000,0.000000,0.000000,0.000000,0.000000,0.000000,0.000000,0.000000,0.000000,0.000000,0.000000,0.000000,0.000000,0.000000,0.000000,0.000000,0.000000,0.000000,0.000000,0.000000,0.000000,0.000000,0.000000,0.000000,0.000000,0.000000,0.000000
0.000000,0.000000,0.000000,0.000000,0.000000,0.000000,0.000000,0.000000,0.000000,0.000000,0.000000,0.000000,0.000000,0.000000,0.000000,0.000000,0.000000,0.000000,0.000000,0.000000,0.000000,0.000000,0.000000,0.000000,0.000000,0.000000,0.000000,0.000000,0.000000,0.000000,0.000000,0.000000,0.000000,0.000000,0.000000,0.000000,0.000000,0.000000,0.000000,0.000000,0.000000,0.000000,0.000000,0.000000,0.000000,0.000000,0.000000,0.000000,0.000000,0.000000,0.000000,0.000000,0.000000
0.000000,0.000000,0.000000,0.000000,0.000000,0.000000,0.000000,0.000000,0.000000,0.000000,0.000000,0.000000,0.000000,0.000000,0.000000,0.000000,0.000000,0.000000,0.000000,0.000000,0.000000,0.000000,0.000000,0.000000,0.000000,0.000000,0.000000,0.000000,0.000000,0.000000,0.000000,0.000000,0.000000,0.000000,0.000000,0.000000,0.000000,0.000000,0.000000,0.000000,0.000000,0.000000,0.000000,0.000000,0.000000,0.000000,0.000000,0.000000,0.000000,0.000000,0.000000,0.000000,0.000000
0.000000,0.000000,0.000000,0.000000,0.000000,0.000000,0.000000,0.000000,0.000000,0.000000,0.000000,0.000000,0.000000,0.000000,0.000000,0.000000,0.000000,0.000000,0.000000,0.000000,0.000000,0.000000,0.000000,0.000000,0.000000,0.000000,0.000000,0.000000,0.000000,0.000000,0.000000,0.000000,0.000000,0.000000,0.000000,0.000000,0.000000,0.000000,0.000000,0.000000,0.000000,0.000000,0.000000,0.000000,0.000000,0.000000,0.000000,0.000000,0.000000,0.000000,0.000000,0.000000,0.000000
90.358994,80.311943,61.835258,109.272697,108.648209,114.868202,61.313133,-162.849823,-208.968613,-624.227417,-697.960815,15.627716,58.904663,112.014175,124.101601,335.326782,348.299438,308.809753,282.879456,216.777679,211.731964,212.428680,-6.009071,-91.598656,-176.239334,-248.277344,-324.152954,-598.140747,-700.623047,-681.055908,-670.163208,-675.023315,-679.351807,-671.101685,-673.864624,-671.593323,-676.502808,-670.173767,-671.402344,-667.445801,-667.723694,-667.598938,-669.870422,-163.944519,119.621933,433.037842,439.366364,-196.683105,-257.406952,-486.947540,-607.543335,-645.489868,-650.916443
-501.850769,-509.151917,-495.876160,-500.626404,-508.141296,-511.355347,-511.838348,-494.276825,-481.283264,-484.895081,-492.880341,-437.730713,-424.106995,-459.946228,-471.142975,-172.282974,-213.194366,-350.543213,-399.042725,-470.682312,-475.744446,-498.054565,-489.115143,-488.434998,-476.036011,-486.632721,-477.696350,-472.284302,-484.248108,-486.264709,-493.257996,-495.762451,-491.040222,-492.245392,-494.913086,-501.131256,-494.227051,-492.348602,-491.751099,-492.161255,-495.822754,-497.637756,-498.246582,-482.080322,-374.291626,108.637405,134.702637,-486.625519,-486.999878,-472.051086,-482.903076,-481.087219,-479.819519
2653.407715,2641.684814,2652.989258,2650.495117,2650.933105,2641.931641,2573.789551,2461.557129,2430.620850,2465.763184,2483.308838,2447.423096,2563.856201,2678.425781,2666.563477,2870.444580,2762.065186,2719.083252,2706.038574,2669.622803,2655.605713,2673.822510,2622.701904,2599.390625,2545.470947,2532.177246,2508.638672,2517.159912,2500.971924,2517.934814,2496.367920,2495.124756,2507.890381,2517.389404,2530.091553,2533.745605,2519.205566,2515.772217,2515.713379,2513.527100,2502.722168,2503.220703,2502.574219,2448.049072,2552.895752,2682.803223,2658.303223,2528.683105,2517.463867,2507.425781,2550.578125,2547.128906,2559.802002
-311.007080,-341.628113,-384.579895,-334.379913,-318.734253,-278.316650,-116.577347,-136.915756,37.114807,-241.777374,-327.323792,-144.754639,-106.214279,-38.304710,-33.909149,-45.692772,-63.961639,-68.073662,-63.472397,-115.960571,-154.815994,-217.744034,-220.388596,-208.478424,-211.710571,-274.775360,-254.095703,-279.355499,-334.330261,-324.123962,-309.928223,-313.860626,-315.456970,-314.268738,-320.970154,-314.239288,-321.964813,-315.248322,-319.414154,-319.776184,-318.952179,-317.709808,-316.950531,-108.889236,-103.164154,-13.596924,-4.789795,-256.717041,-297.237732,-280.077118,-304.386810,-309.253357,-330.320618
-519.981445,-529.856140,-539.244690,-547.062622,-544.943848,-565.027100,-523.738647,-532.718994,-263.454285,-528.575073,-524.490845,-499.369446,-533.578613,-570.760803,-568.425537,-565.501770,-546.549133,-529.636719,-542.272034,-534.611389,-526.834839,-506.784515,-532.230713,-517.560791,-520.379150,-529.297607,-530.292480,-540.556274,-521.744324,-514.735840,-521.660461,-526.598083,-523.289551,-522.686707,-523.399902,-525.014648,-519.660400,-516.399048,-517.474426,-517.267212,-520.194336,-522.585083,-523.331665,-496.322266,-510.806030,-573.142456,-578.592590,-518.273560,-531.289307,-528.254761,-530.065979,-528.197815,-525.074768
2637.982910,2618.856934,2618.763428,2626.962402,2653.666260,2677.106201,2698.321533,2652.190430,2677.273682,2618.811768,2570.061523,2647.515381,2627.860840,2624.377197,2614.290039,2626.202881,2654.102051,2697.362305,2704.186035,2712.319824,2715.664795,2692.725586,2791.567627,2786.375488,2768.366211,2761.541504,2741.067871,2693.569824,2623.480225,2628.334961,2646.327393,2650.529785,2647.345459,2654.144531,2651.047119,2647.601562,2646.044678,2638.926514,2637.125244,2639.242432,2635.273926,2633.832031,2628.744873,2600.130127,2668.526367,2574.823242,2586.500732,2770.431885,2708.848145,2721.123291,2695.331543,2662.989014,2678.982910
140.515594,136.690826,137.315643,166.332550,159.090164,160.524918,166.450439,-208.540802,-295.189484,-762.671814,-776.332947,-418.593689,165.754211,185.193283,210.789368,361.686920,546.937744,447.458496,398.885834,284.444214,277.776611,271.773163,38.701031,-171.493469,-377.482910,-472.376678,-566.434326,-783.951660,-795.385010,-780.227722,-767.050476,-763.884827,-763.604553,-757.176758,-759.958740,-756.620178,-761.304199,-754.998108,-755.769104,-755.031616,-756.328613,-754.434875,-755.998169,-472.245850,-184.453415,755.968323,819.894409,-399.606873,-487.237366,-708.775513,-754.375183,-772.540649,-757.609619
-905.193359,-903.274658,-903.495850,-899.517090,-902.946838,-896.743774,-885.027893,-915.930786,-893.930420,-887.519775,-883.006714,-666.926575,-816.124878,-888.134277,-889.240479,-207.542572,-369.455414,-713.445923,-807.388794,-885.595642,-891.438965,-904.285339,-910.694336,-899.710022,-858.479553,-856.943481,-859.444336,-897.760315,-875.361450,-883.853394,-882.304138,-877.670776,-870.805054,-877.348572,-881.014343,-883.416382,-885.372192,-880.642700,-884.655273,-887.565430,-884.772217,-888.954712,-888.386719,-740.211670,-513.074463,247.568527,275.145020,-856.099731,-847.356873,-898.235046,-898.742859,-885.853027,-877.551025
2547.311523,2549.614258,2557.906494,2554.893555,2556.633545,2547.605713,2548.165039,2470.414062,2486.165283,2508.942871,2537.460205,2424.790039,2407.818115,2651.177246,2582.168945,2581.350586,2612.197998,2590.707764,2589.741699,2575.756348,2568.402344,2578.511963,2540.060303,2506.728516,2498.476562,2502.269531,2488.182373,2532.538086,2539.926514,2549.320801,2539.450684,2530.633545,2533.159424,2536.896240,2535.677002,2536.596436,2529.806641,2525.500732,2529.854980,2530.728760,2530.427246,2530.813965,2529.502686,2409.769531,2412.575928,2623.801270,2692.332275,2466.760986,2480.190430,2522.332275,2569.785156,2564.243652,2572.808594
-118.524841,-315.474060,-394.217499,-362.285797,-367.744171,-370.462708,-293.105988,-183.795319,-228.828491,-284.546570,-278.788696,-117.796432,-6.145996,26.126129,36.616440,30.734383,25.539642,26.028931,29.331589,8.707832,-19.981812,-212.685303,-363.790710,-370.211761,-338.899048,-355.931732,-334.802765,-358.483307,-337.887756,-271.313507,-251.994781,-257.135040,-260.099823,-256.797485,-257.902100,-250.804367,-257.031464,-253.319916,-257.868683,-259.271790,-258.610260,-258.810059,-257.519287,-98.237831,-92.037918,55.752182,55.238884,-396.445679,-530.399170,-379.359558,-388.697693,-385.905670,-388.472382
-861.500610,-903.848022,-928.152344,-923.480286,-909.747803,-903.907349,-876.232727,-965.341675,-759.935425,-902.338379,-904.239502,-896.477966,-900.716797,-912.737244,-908.572388,-909.987488,-907.014771,-916.093994,-923.051758,-887.379456,-878.718872,-872.869446,-900.654968,-885.371460,-911.856567,-918.753052,-918.831360,-932.223083,-909.558655,-903.388428,-908.556763,-909.814880,-908.296448,-909.089600,-909.152588,-912.051819,-907.988525,-911.039429,-910.582336,-910.413391,-910.916321,-917.040527,-911.752686,-918.946594,-908.443481,-920.608032,-922.718262,-921.891479,-896.869080,-918.237000,-919.674194,-916.007935,-908.616699
2461.863525,2419.409424,2423.853516,2410.578125,2423.220947,2426.606689,2576.342041,2661.277832,2645.467773,2606.312744,2550.707764,2472.733643,2481.725830,2579.869141,2545.630127,2548.480713,2540.469238,2544.469482,2542.577148,2527.486816,2523.748291,2524.693359,2655.869873,2625.360840,2623.741699,2630.897217,2620.068848,2632.666992,2640.170898,2614.650391,2605.425537,2604.893555,2605.863525,2613.196289,2610.286377,2608.481689,2604.348633,2605.106445,2606.122070,2608.006592,2605.451172,2607.536133,2604.818359,2520.870117,2502.994873,2520.629883,2524.867188,2633.255615,2671.034424,2615.440186,2618.859375,2593.295654,2610.801758
0.000000,0.000000,0.000000,0.000000,0.000000,0.000000,0.000000,0.000000,0.000000,0.000000,0.000000,0.000000,0.000000,0.000000,0.000000,0.000000,0.000000,0.000000,0.000000,0.000000,0.000000,0.000000,0.000000,0.000000,0.000000,0.000000,0.000000,0.000000,0.000000,0.000000,0.000000,0.000000,0.000000,0.000000,0.000000,0.000000,0.000000,0.000000,0.000000,0.000000,0.000000,0.000000,0.000000,0.000000,0.000000,0.000000,0.000000,0.000000,0.000000,0.000000,0.000000,0.000000,0.000000
0.000000,0.000000,0.000000,0.000000,0.000000,0.000000,0.000000,0.000000,0.000000,0.000000,0.000000,0.000000,0.000000,0.000000,0.000000,0.000000,0.000000,0.000000,0.000000,0.000000,0.000000,0.000000,0.000000,0.000000,0.000000,0.000000,0.000000,0.000000,0.000000,0.000000,0.000000,0.000000,0.000000,0.000000,0.000000,0.000000,0.000000,0.000000,0.000000,0.000000,0.000000,0.000000,0.000000,0.000000,0.000000,0.000000,0.000000,0.000000,0.000000,0.000000,0.000000,0.000000,0.000000
0.000000,0.000000,0.000000,0.000000,0.000000,0.000000,0.000000,0.000000,0.000000,0.000000,0.000000,0.000000,0.000000,0.000000,0.000000,0.000000,0.000000,0.000000,0.000000,0.000000,0.000000,0.000000,0.000000,0.000000,0.000000,0.000000,0.000000,0.000000,0.000000,0.000000,0.000000,0.000000,0.000000,0.000000,0.000000,0.000000,0.000000,0.000000,0.000000,0.000000,0.000000,0.000000,0.000000,0.000000,0.000000,0.000000,0.000000,0.000000,0.000000,0.000000,0.000000,0.000000,0.000000
0.000000,0.000000,0.000000,0.000000,0.000000,0.000000,0.000000,0.000000,0.000000,0.000000,0.000000,0.000000,0.000000,0.000000,0.000000,0.000000,0.000000,0.000000,0.000000,0.000000,0.000000,0.000000,0.000000,0.000000,0.000000,0.000000,0.000000,0.000000,0.000000,0.000000,0.000000,0.000000,0.000000,0.000000,0.000000,0.000000,0.000000,0.000000,0.000000,0.000000,0.000000,0.000000,0.000000,0.000000,0.000000,0.000000,0.000000,0.000000,0.000000,0.000000,0.000000,0.000000,0.000000
0.000000,0.000000,0.000000,0.000000,0.000000,0.000000,0.000000,0.000000,0.000000,0.000000,0.000000,0.000000,0.000000,0.000000,0.000000,0.000000,0.000000,0.000000,0.000000,0.000000,0.000000,0.000000,0.000000,0.000000,0.000000,0.000000,0.000000,0.000000,0.000000,0.000000,0.000000,0.000000,0.000000,0.000000,0.000000,0.000000,0.000000,0.000000,0.000000,0.000000,0.000000,0.000000,0.000000,0.000000,0.000000,0.000000,0.000000,0.000000,0.000000,0.000000,0.000000,0.000000,0.000000
0.000000,0.000000,0.000000,0.000000,0.000000,0.000000,0.000000,0.000000,0.000000,0.000000,0.000000,0.000000,0.000000,0.000000,0.000000,0.000000,0.000000,0.000000,0.000000,0.000000,0.000000,0.000000,0.000000,0.000000,0.000000,0.000000,0.000000,0.000000,0.000000,0.000000,0.000000,0.000000,0.000000,0.000000,0.000000,0.000000,0.000000,0.000000,0.000000,0.000000,0.000000,0.000000,0.000000,0.000000,0.000000,0.000000,0.000000,0.000000,0.000000,0.000000,0.000000,0.000000,0.000000
-203.227585,-185.426819,-196.995438,-167.815842,-156.315628,-145.772278,-132.701996,-222.232697,-236.150513,-385.577362,-467.096619,-391.035645,-354.513214,-345.403748,-327.777649,-320.584198,-281.626587,-232.913284,-211.230515,-116.705338,-102.225601,-49.401684,-176.840836,-218.637787,-246.322235,-265.248566,-281.771667,-368.906860,-481.142975,-486.285309,-468.742554,-464.812866,-463.183685,-461.999451,-462.140930,-465.678650,-477.269562,-479.259064,-482.980774,-485.129822,-483.946045,-481.688507,-481.777863,-367.164581,-346.337616,-316.550293,-320.035400,-255.162979,-273.685333,-337.511200,-385.790100,-409.266449,-425.626221
350.491791,350.002747,339.377869,337.372620,338.216248,339.886292,362.564758,370.443787,377.754700,364.685760,376.746490,367.551025,326.961945,238.559143,256.851868,269.546722,314.070160,343.532776,339.350708,351.679016,353.057434,351.374451,363.100220,371.925781,378.127594,375.187134,378.083038,368.289825,372.730408,377.856567,371.962494,369.148743,372.453491,373.337585,374.525024,373.265869,379.723145,381.331360,381.159790,381.296204,378.716675,376.094360,374.850769,347.406311,352.466553,268.828796,257.348633,373.567200,374.731140,383.053223,375.144592,375.884064,381.719360
2646.773682,2645.288818,2652.801270,2664.603516,2666.841064,2667.035156,2663.633789,2692.901855,2697.391357,2669.270996,2622.927979,2707.724121,2724.273193,2757.715332,2760.475342,2767.154297,2777.763428,2793.852051,2790.323486,2800.536133,2801.906738,2798.287354,2811.153076,2811.145996,2809.830322,2792.578369,2787.212646,2735.089355,2688.951416,2689.348633,2680.486328,2675.189941,2680.143066,2682.474609,2679.547363,2679.235352,2684.671143,2688.366211,2690.375977,2690.160156,2674.897461,2674.745850,2674.250488,2690.305664,2702.070312,2724.395020,2727.559326,2784.250244,2778.259033,2747.645996,2722.327393,2711.475098,2707.470459
45.334160,45.441280,45.739887,45.872990,45.906799,45.942257,46.105232,46.373856,46.405613,46.709854,47.806160,48.543167,48.713306,49.040958,49.111202,49.146595,49.248081,49.342339,49.377636,49.511692,49.545151,49.676010,50.478821,50.544617,50.612686,50.646748,50.675438,50.846230,51.081654,51.143223,51.277637,51.313412,51.343956,51.382278,51.447266,51.513096,51.683102,51.745132,51.813099,51.847610,52.147923,52.187168,52.213284,52.852959,52.913586,53.183563,53.214668,54.919312,54.955402,55.079231,55.183735,55.218372,55.254688
