19,59
5.000000,-1.000000,5.000000,-1.000000,5.000000,-1.000000,5.000000,-1.000000,5.000000,-1.000000,5.000000,-1.000000,5.000000,1.000000,5.000000,-1.000000,5.000000,-1.000000,5.000000,-1.000000,5.000000,-1.000000,5.000000,-1.000000,5.000000,-1.000000,5.000000,7.000000,0.000000,-1.000000,0.000000,-1.000000,5.000000,-1.000000,5.000000,-1.000000,0.000000,-1.000000,0.000000,-1.000000,5.000000,-1.000000,5.000000,-1.000000,8.000000,0.000000,7.000000,-1.000000,4.000000,-1.000000,5.000000,-1.000000,5.000000,7.000000,-1.000000,5.000000,-1.000000,5.000000,-1.000000
57.387562,48.674469,36.418625,21.568155,21.759789,17.877708,12.099097,10.658094,12.333070,8.902032,11.322425,24.228619,28.491615,30.836662,39.573681,43.895103,60.977757,54.499775,50.217495,23.729067,18.520092,14.385833,17.710369,15.629302,11.358688,11.079635,10.724457,19.492058,21.476734,27.103271,36.250114,38.584103,43.978329,23.932533,24.198709,20.302601,13.476372,14.718373,18.846869,38.532318,38.742344,10.822456,14.047282,15.948801,17.114254,15.767321,12.862792,9.010639,15.367055,25.682314,38.761417,17.924372,16.061810,16.685112,16.271219,20.946249,20.398945,19.973562,17.299129
36.592564,28.552908,24.485691,13.677262,15.546491,14.133063,12.006857,10.591543,8.446548,3.821057,11.741249,38.108654,43.218285,44.282616,45.434917,46.722729,42.278149,36.923103,34.149979,16.549107,14.129175,11.451825,10.195435,7.483541,5.085500,7.098570,14.452938,47.930485,49.095310,49.492931,45.260204,47.666599,53.208443,25.854593,19.112551,10.417372,22.477005,69.523201,80.591408,61.525646,53.481979,9.415946,11.377486,12.412904,21.257183,25.283598,21.578930,68.831230,60.381142,51.323765,51.896225,14.090314,12.141597,12.372277,12.701643,10.926147,11.107128,8.550423,7.660218
-36.732979,-44.450333,-54.230606,-68.720947,68.310715,72.122391,77.924454,-79.348824,-77.705719,82.270287,88.232285,67.434792,61.945240,59.730843,50.576550,-46.203476,-31.053900,-37.944717,-41.484215,-67.178955,-71.693008,-76.120010,73.181236,75.826378,84.510963,87.843712,87.774559,75.610931,70.286209,63.534058,53.846130,51.464394,46.041603,-67.097702,-68.267334,-69.863907,76.880486,87.755257,81.847397,53.873219,54.395897,-79.400467,-76.144524,-74.101334,72.896179,74.844185,82.087410,85.650940,77.879204,65.640160,52.569725,-72.924629,-74.022804,73.314903,73.779190,69.366280,69.774437,-70.290703,-73.033371
102.050583,104.897888,105.103767,100.466103,102.040726,103.128899,101.929726,-100.591309,-98.060005,-90.258308,78.440536,80.303711,81.386009,78.774788,80.515579,84.905670,102.296059,109.750755,111.812355,106.416100,104.087112,-101.405548,-98.429665,-94.924591,-88.682350,-84.691231,75.845123,62.931053,67.371811,76.998291,75.637276,78.040894,87.249611,112.411278,107.742302,86.504128,84.382782,36.240524,40.774391,78.891609,96.206688,-99.399780,-101.270210,-77.648598,69.353683,67.369629,-68.530624,23.664640,39.398674,76.810890,90.462090,-103.956413,-101.903419,-102.209785,-102.518318,-100.891777,-100.944038,-95.799744,-95.143845
37.064232,34.757568,35.461956,34.138287,28.959511,18.755239,38.554253,36.406204,30.646795,33.381062,26.837591,36.275574,46.387993,50.925179,51.855236,52.456917,66.158669,61.758495,61.498619,18.112272,11.982388,20.646830,33.056164,31.863974,28.650145,25.935810,21.636929,39.415516,41.444321,42.301037,50.412960,53.036812,58.550709,42.166840,44.522812,26.138714,24.509813,37.982601,38.682243,49.349815,52.483910,18.636555,32.153156,33.392132,33.594463,31.588596,30.216921,36.144165,29.504679,38.410046,45.876934,21.897493,30.721172,32.712971,32.689960,35.829586,35.306393,22.465603,22.316792
31.084400,26.566732,15.117176,11.702452,13.687774,11.365553,13.064713,15.342150,13.493418,18.563726,33.719337,36.597298,19.882164,32.886250,47.793045,46.010429,19.552967,8.760714,8.891256,16.374189,2.228532,9.444752,10.505900,10.895347,18.275440,24.524290,36.703842,39.415508,41.444321,43.677280,26.131224,35.937412,39.791142,12.743109,10.821037,19.937010,19.924717,53.730476,37.114632,52.394310,11.452977,12.237204,12.613539,12.452038,11.502337,10.011369,16.944000,39.144047,41.500652,38.410042,32.031082,14.447450,20.785784,18.239761,17.883457,13.345204,14.826260,25.248322,23.638649
53.253201,62.806675,72.188309,85.556114,92.460495,84.181015,58.707081,60.123425,62.839993,56.622967,-63.929150,-57.592648,-47.721260,-46.231133,-45.411945,-43.081940,24.109861,37.018772,43.976604,101.244415,83.886566,70.712006,63.997822,61.550850,61.422859,-64.325630,-69.584923,-60.558712,-53.062386,-49.277424,-39.691612,-37.032734,31.516207,81.788490,88.715134,99.416168,65.717201,-71.814461,-58.102718,40.736973,-37.787624,106.178429,65.624466,66.269623,67.673706,69.522102,59.899967,-57.699669,-65.587570,-56.495365,-45.138287,73.492218,67.004219,66.282524,66.215843,66.700089,67.281494,83.656960,82.787598
80.062080,77.482315,75.665871,-78.797173,-76.791458,-84.787506,-102.720467,-104.750748,103.479103,100.618538,81.791023,61.950314,102.954887,120.922760,137.500214,134.765335,108.266792,98.727943,-98.083755,-73.709206,-89.284439,99.366508,100.502884,99.335701,95.251289,93.116547,75.303040,60.558712,53.062386,56.514378,112.434067,124.328636,128.637894,-92.668076,-93.368881,81.283577,-109.411400,51.813305,54.962929,-43.546242,101.187592,78.252380,102.291061,102.045555,101.152794,99.979271,95.338036,62.232517,55.799633,56.495365,96.780754,-104.422836,110.508522,108.195343,-107.872223,-103.088684,-104.410484,115.180496,113.327110
34.631802,36.071499,34.836639,35.665569,28.788595,20.042662,5.806807,4.176452,17.196966,27.442133,39.542545,35.368984,28.684591,29.057356,33.017021,33.151985,30.789885,32.511292,32.142170,25.024429,17.467777,13.886034,25.179724,24.158653,20.762001,19.315519,32.954445,36.129787,35.628777,33.874001,39.615284,44.134411,58.381390,56.221409,53.360287,36.701431,15.044880,48.593643,43.186741,55.896107,59.566170,16.222834,15.138453,18.559273,18.766529,17.265100,30.806400,56.583908,61.040035,54.291946,56.405972,21.453655,19.327347,21.820848,21.367945,18.241377,18.996542,25.707203,22.731861
55.374695,54.626423,56.211899,56.508270,62.023438,-69.972969,-85.369278,-86.690651,73.089699,-62.592865,52.380859,-56.812500,-64.663162,-66.281677,-66.365593,-66.643631,-62.570297,-57.592735,57.872089,65.003754,72.546349,-76.165657,-65.231529,-65.853676,69.307396,71.814217,62.153000,-53.908604,-55.062778,-56.933399,-52.558487,-48.491962,-34.090828,-34.018490,36.657082,53.330395,-76.499825,42.673019,-46.940395,-42.688534,-35.882149,75.405243,75.943771,72.549438,71.795700,-72.756592,59.546333,36.387966,32.541245,-35.999199,-38.040417,-68.555740,70.694420,-68.304329,-69.291618,71.772354,-71.004425,71.210533,71.038757
-14.687830,-11.849707,-9.574502,-6.266319,-5.072847,-3.696287,-1.159441,-0.845110,0.616120,0.404452,0.294086,0.142653,0.115350,0.102792,0.083929,0.074019,0.044235,0.039565,0.039565,-0.000000,-0.000000,-0.000000,-0.000000,-0.000000,0.000000,0.000000,0.000000,64.260002,83.749680,74.022636,97.862030,86.575348,60.510803,-19.697950,-15.852895,-58.739532,124.854424,115.001671,127.526733,66.239555,39.471668,-2.447686,0.943568,-52.463902,-95.677956,120.504143,125.928802,126.789215,111.452744,66.130981,40.647621,-1.966923,0.939828,0.761304,0.684999,0.403968,0.364232,0.068528,0.059347
90.282356,94.122047,95.455261,95.759781,95.044441,-93.211487,-90.107391,-90.003548,-89.854111,-89.764206,-89.723572,89.865997,89.890862,89.900345,89.919579,89.929474,89.968796,89.986931,89.994949,-90.012260,-90.008530,-90.005959,-90.000053,-90.000008,-89.999893,-89.999725,-89.999138,32.271385,16.523741,22.960608,10.082156,6.643961,30.461151,98.765884,101.014999,98.794395,69.696899,41.336464,45.010651,46.020943,68.866676,-90.932518,-89.747200,116.972916,115.346046,32.372246,42.009167,44.365894,42.465141,64.853439,75.025192,-90.467117,-89.742523,-89.757996,-89.778053,-89.827988,-89.838135,-89.957466,-89.960670
26.597895,40.408764,36.907223,24.931293,20.222826,28.516939,36.736729,22.987408,22.484034,43.825085,45.396099,18.935555,27.132948,32.070053,32.514614,34.687870,54.130474,52.968941,51.651459,19.709539,21.517105,17.667761,32.302094,37.671421,43.249241,44.600529,44.163948,22.198380,21.196682,17.958717,17.223583,18.203928,16.173166,28.372789,15.402775,12.242438,19.102140,22.261162,18.729498,7.793443,24.852518,16.794743,23.878750,21.009588,16.477919,10.599976,53.073971,63.027550,49.633503,32.128231,24.274874,21.815704,32.165340,24.433968,24.316198,24.704176,26.097351,8.275974,8.789726
-63.403439,59.806393,68.154015,67.441460,74.516327,62.452995,-54.114410,67.856812,-67.883522,-57.062469,-55.090511,-75.017906,-66.727516,-64.878159,-67.777924,-68.448097,-37.086937,37.878605,40.272102,74.416824,71.951805,72.531982,-58.350224,-54.395390,-55.388424,-57.339207,-50.546219,-70.729858,-70.239265,-72.785492,-72.821678,71.796120,74.013969,75.956345,81.588158,84.779488,-74.652573,-68.175529,72.604607,88.539795,66.375725,76.104546,-66.790016,-68.993919,73.882706,80.269104,-51.822338,-32.831734,-43.407684,-58.990410,-65.788399,-69.795799,-59.124371,-65.570244,-65.688179,66.169052,64.563614,83.632935,82.841499
63.519108,92.758003,42.488373,27.299524,13.045831,3.738269,16.310337,10.379605,12.787206,11.911879,4.743260,62.884560,53.580608,32.424442,11.659879,11.970555,19.002573,-15.562754,-15.276117,8.578583,16.401569,28.516933,10.993094,12.383270,15.293776,13.813617,6.482710,22.198362,21.196665,75.655991,41.065609,21.289675,-6.319565,15.086660,19.679146,5.453520,19.586540,48.400894,36.928665,28.989416,8.333854,11.810376,29.624863,30.897467,29.698782,19.958021,18.896368,7.152915,15.280951,32.128231,35.128498,26.826483,14.431385,11.945123,10.982183,9.173547,7.381637,-9.685396,-8.621040
44.988041,57.344124,71.964928,-62.705425,-77.372879,-87.953659,81.508949,84.720345,80.042313,79.770226,86.123734,36.848450,41.819916,64.228233,87.705917,86.689316,82.257408,93.089409,100.775688,81.749535,79.902931,72.913734,80.073822,78.693398,76.219269,77.645042,84.464241,70.729851,70.239258,28.049189,49.144817,68.945564,90.632324,78.063675,70.880562,89.995773,78.765709,49.210598,-53.120983,-78.628967,82.088165,82.245003,66.790329,67.151009,70.128639,78.202209,76.570076,83.509079,78.554359,58.990410,54.965382,67.099243,83.798584,84.888657,84.901871,81.939308,83.141685,-99.443901,-98.594124
-138.386139,-151.403625,-160.002762,-164.987152,-146.912674,-116.924385,65.157883,61.609112,50.376144,29.384338,10.555661,79.738686,83.296593,79.757095,82.475182,-90.108002,-116.963837,-133.327240,-140.796463,-125.968964,-116.993378,-104.447182,38.354328,35.088135,25.463209,17.839956,16.182457,73.367043,83.927719,-90.560822,-91.887032,-91.337410,-96.461678,-162.133133,-171.630325,-144.434601,-94.814148,57.074787,74.373360,-97.732849,-112.198143,-98.334122,61.006130,60.790318,60.999813,62.358513,30.417503,40.979420,55.288330,-96.484344,-109.908333,-91.447296,61.865707,58.676872,58.478302,50.470295,50.475395,42.518909,40.366592
61.722189,61.793015,61.858725,61.994317,62.048477,62.152805,62.519775,62.620365,62.720465,62.851992,62.958763,63.182520,63.256207,63.289272,63.362882,63.390151,63.553714,63.627219,63.655462,63.956107,64.052020,64.131137,64.731369,64.757285,64.822047,64.856038,64.926054,65.094477,65.126891,65.163165,65.258606,65.294357,65.394197,65.726308,65.794020,66.020333,66.295197,67.160058,67.220454,67.492642,67.624035,68.463001,68.761680,68.801282,68.830404,68.898582,69.160393,69.328471,69.365416,69.498343,69.630129,70.564635,70.797514,70.870414,70.898713,71.062794,71.097824,71.632289,71.660786
