19,29
-1.000000,1.000000,-1.000000,1.000000,-1.000000,0.000000,-1.000000,1.000000,-1.000000,0.000000,1.000000,-1.000000,0.000000,-1.000000,1.000000,-1.000000,1.000000,-1.000000,0.000000,-1.000000,1.000000,-1.000000,0.000000,-1.000000,4.000000,-1.000000,1.000000,-1.000000,0.000000
27.490326,23.667583,16.510275,18.370558,20.341787,27.607723,39.379658,43.125984,22.859644,32.573551,31.052065,30.166948,31.986076,40.955868,34.709858,17.659826,19.379295,40.067406,43.768688,38.233624,51.984058,23.363897,21.674492,49.758774,48.695095,41.440018,40.687710,26.964638,23.849771
64.167183,75.370636,103.110268,101.947334,66.961670,55.460930,63.668072,75.788170,62.717297,54.155300,74.027527,68.763542,49.994648,65.357491,77.403496,94.660217,104.909073,73.366722,35.959694,55.575733,78.248520,59.983398,52.270424,21.562340,30.212013,40.291592,92.099632,65.132805,46.824039
87.916252,93.184227,104.643593,101.838737,85.381264,81.054909,97.294197,105.551811,75.824455,81.928490,92.062317,80.772095,80.942879,83.111336,88.693832,103.085503,101.826141,93.824837,86.494286,111.254333,124.041588,77.135231,73.965317,79.324989,75.167068,81.651184,106.224518,83.460014,76.399193
48.148991,37.455460,-17.479082,-16.497906,51.465614,68.934570,57.254547,44.231609,55.640495,58.566391,46.624538,62.240112,72.441475,55.713055,47.760738,-15.498215,-23.676905,19.267036,69.890167,38.428360,-11.851402,67.912651,79.619453,71.205521,67.857796,58.452171,4.768715,40.829170,66.380516
31.850534,35.339748,56.899811,55.719162,42.535854,35.109707,30.525906,34.530342,44.417683,41.402515,35.857628,46.247505,41.205036,34.274994,35.749859,48.750751,56.406242,49.214478,40.422302,35.772259,47.295132,45.905571,39.113560,34.968430,37.851528,35.480694,54.569073,54.269249,43.602623
19.311954,20.242702,23.989851,22.767258,18.324699,14.984875,12.067431,14.379674,7.225965,9.000145,17.437193,18.209776,18.274427,17.550959,17.713535,26.151594,28.406548,27.892372,22.155874,19.339199,17.150866,19.181833,20.147280,15.377192,18.020596,16.444643,11.166624,18.847736,16.939945
-58.619198,-57.896557,-82.982780,-73.320015,-49.589466,-55.023483,-61.641495,-61.886917,-45.691822,-48.600136,-55.812889,-45.504890,-49.399014,-56.078983,-56.448906,-82.378555,-77.306900,-56.816780,49.580650,-58.837811,-66.727707,-44.787369,50.953972,-55.064602,52.198284,-54.885311,-63.057098,-41.243073,-46.683468
-99.406387,-99.393906,-96.143471,-94.702538,-102.961823,-102.428566,-100.387154,-100.968880,-92.746162,-91.626984,-98.939255,-99.131218,-98.019447,-97.313622,-97.601280,-94.795738,-94.429344,-97.099983,-100.643784,-96.158974,-92.530434,-96.605568,-97.534828,-95.234291,-95.157158,-92.413818,-91.720001,-92.087418,-94.143967
43.638035,40.767078,-23.528008,-16.252230,20.096035,28.035410,31.554470,33.121487,8.480333,17.540728,21.944048,20.057327,27.055763,49.142113,44.571987,-21.151091,-13.034736,43.460072,39.304897,30.096159,-62.821033,12.436665,10.156639,72.299004,77.889885,69.465034,-65.347778,14.865006,12.011551
51.807152,61.646358,104.834480,96.927963,79.102440,68.626244,67.125900,68.954033,83.222107,88.216972,84.352516,80.148048,71.772781,60.287991,71.338181,108.162521,98.965675,82.137497,65.600021,76.857452,93.842445,83.619675,83.178848,42.021858,52.438026,65.943085,102.420372,86.198227,83.813751
93.473999,74.014359,19.571877,28.459789,86.191658,109.075890,93.826294,72.599586,95.182587,99.964325,78.251083,82.153908,107.130325,95.764763,69.544907,16.758017,34.289700,75.198509,126.293724,94.383331,42.073471,78.814117,80.890503,131.982452,117.121941,108.047470,39.016144,90.282021,105.843010
-29.271589,-33.500252,74.408760,62.632198,-41.384560,-39.257576,-33.003357,-38.281906,-31.073608,-29.931019,-32.299454,-43.069935,-37.651466,-30.526640,-37.717331,73.437920,55.734871,-44.898193,-42.022453,-31.020821,-52.336315,-39.804996,-43.923725,-42.016048,-28.236303,-22.746227,-52.342022,-37.344872,-30.126387
24.199951,29.724539,-53.269241,49.864182,37.362099,28.348900,25.295286,30.510021,32.889282,30.524675,29.859142,38.615017,32.968586,27.876015,31.586060,-49.737587,53.192074,42.181824,26.409496,31.024878,44.339302,35.218857,29.288626,26.109652,27.944544,27.503309,50.587349,41.468128,32.105991
-70.650368,-69.833969,-92.022896,-87.414543,-61.075687,-66.171341,-70.351250,-71.172081,-61.981358,-64.167465,-68.610970,-63.218811,-66.406212,-65.870110,-65.431412,-90.770721,-89.749367,-74.865021,-66.397293,-67.123856,-75.351959,-62.899616,-65.021149,-67.238762,-63.758457,-66.784485,-71.473366,-63.149551,-64.595688
13.292563,12.729090,-16.917698,-15.218201,10.149723,9.349689,20.646029,18.521263,18.561634,17.898411,16.263405,10.345678,7.019398,16.242136,16.011124,-17.899221,-16.724499,-10.308663,-3.616226,15.377039,18.312344,11.617167,7.582272,10.929713,15.318420,21.258982,23.031879,12.933186,11.926596
77.894379,79.419449,103.722466,101.446243,85.714546,85.097946,72.594948,76.755203,77.780861,77.892105,76.458794,87.050682,87.790977,73.864944,74.813370,105.708344,106.404823,99.833069,93.336090,78.525673,88.691299,85.827705,85.745720,80.791878,76.032715,70.915955,81.441704,83.948921,82.511383
-107.183189,-119.394928,-169.696198,-164.750595,-108.552589,89.705727,-105.152115,-119.718216,-90.745064,88.439949,-111.528046,-104.827835,-96.431465,-100.404503,-111.583076,-162.473022,-164.206238,-144.007355,-95.632065,-128.604645,-157.015747,-106.756401,-92.847260,-91.018059,-96.490753,-105.844139,-153.063934,-119.823112,-99.808968
67.564981,67.597617,67.827318,67.960106,68.163250,68.224715,69.360569,69.397654,70.061187,70.095573,71.233435,71.832464,71.895639,73.033573,73.066705,73.333619,73.501685,73.633926,73.800145,74.799637,74.867793,75.399245,75.469172,76.404026,76.468593,76.501189,76.633355,77.069623,77.135317
