19,39
7.000000,-1.000000,4.000000,-1.000000,0.000000,7.000000,0.000000,7.000000,0.000000,7.000000,-1.000000,2.000000,7.000000,-1.000000,4.000000,0.000000,7.000000,-1.000000,7.000000,2.000000,7.000000,-1.000000,7.000000,4.000000,0.000000,7.000000,-1.000000,7.000000,0.000000,2.000000,-1.000000,4.000000,0.000000,7.000000,0.000000,7.000000,-1.000000,7.000000,2.000000
62.941189,44.644249,17.852325,21.435516,23.082096,20.751238,22.014215,19.645552,19.024984,18.491762,19.337343,61.506531,56.815022,45.161434,17.057602,24.636864,23.580324,21.642143,39.351482,60.411877,55.880558,32.292362,22.083963,22.062990,23.296282,28.090023,22.142397,46.477715,55.481792,70.705521,57.879543,35.485752,34.585121,24.627014,24.468494,23.431482,20.482300,45.327782,60.451069
21.198118,17.937084,21.167044,19.040525,17.605642,16.863888,17.426033,13.587063,17.253765,21.173227,17.513910,29.680437,15.206462,14.914114,23.541237,20.494486,15.643290,17.893652,23.453142,18.222088,11.023999,13.798162,23.655186,25.589123,24.009306,19.297430,26.299149,22.850605,21.932072,26.495171,23.647676,29.250965,26.369652,14.371794,13.903839,13.391495,18.507982,28.969151,25.144245
30.844803,50.006561,-76.214577,-73.049744,-72.282227,-70.009834,-68.690361,-70.841454,-72.260498,-72.966705,-72.029701,-30.168625,33.831089,47.341240,-75.674141,-69.312950,-67.884727,-71.826286,-53.797222,-31.372702,35.817253,59.982525,-70.075844,-71.682098,-71.143166,-62.033356,-73.245522,-47.546608,-38.315598,-22.128330,-33.489391,-57.603645,-65.470497,-65.738472,-65.941048,-67.099731,-72.811089,-47.186481,-31.029072
82.240044,82.207382,81.158501,82.357407,83.598831,83.386566,81.967270,82.592178,82.106857,82.886406,82.044632,73.583435,85.186005,81.273300,81.439812,78.819016,78.224480,82.217834,73.052742,79.148399,85.819206,80.679878,77.594841,78.131699,78.707649,78.351013,79.709557,75.559448,78.610130,80.185966,82.007607,74.972382,82.935158,82.702583,82.011963,81.987816,81.459587,70.769531,76.439217
14.564404,14.995556,17.432268,20.266331,22.216967,18.270134,16.333763,12.305236,8.661363,10.767591,22.400005,16.396418,15.709568,23.399548,16.313084,13.877009,14.338307,26.205425,21.350260,23.396160,22.243776,29.166550,15.075005,10.516347,8.723032,13.823854,8.222659,20.037592,21.904104,19.888098,20.443283,20.770334,20.660830,15.781000,16.402235,16.691059,23.531908,21.031134,21.852295
15.331575,13.643250,12.153445,11.616591,12.451198,10.424037,9.820207,10.737754,13.082860,12.767487,9.501294,21.417894,14.293629,6.400552,10.070347,9.369910,7.361248,4.549068,13.375546,13.223706,15.383014,6.024931,11.038402,14.807910,15.084311,7.448453,17.878141,12.967564,10.656616,15.244927,13.449028,14.518525,6.840772,4.551221,4.633880,4.777662,6.693924,22.698061,22.994640
76.488708,78.061150,74.973854,74.226303,75.632103,86.006531,89.767891,89.025520,89.050446,82.982063,73.377106,76.234566,80.519417,76.303604,76.707405,81.632607,83.780991,71.157906,74.117859,74.472145,74.595284,65.732208,77.820877,80.763680,82.967178,83.507851,82.085114,75.515129,75.598305,76.310196,76.067955,70.986221,76.165718,85.742798,85.546280,85.786858,75.974670,70.391647,71.347847
93.948669,101.256226,102.017006,-101.388100,-101.036926,-100.252640,-99.815628,100.046761,100.271507,100.333824,-99.194183,84.588188,89.894386,94.778297,97.049500,97.169510,96.231323,-94.439758,92.171494,85.812912,87.064743,90.029335,94.522240,94.476738,95.536819,95.078430,100.961716,94.292969,90.441345,85.332253,94.741135,93.802391,94.432625,93.894836,94.289764,94.452995,-96.349998,90.587570,85.438622
78.901871,108.377129,121.068001,108.295097,98.318855,35.865952,27.589634,41.853924,46.389858,80.460442,105.497055,52.828796,90.702736,107.398537,129.270523,77.634361,66.417953,96.303223,86.967209,60.521912,76.281738,101.266144,97.828773,94.611862,90.804993,44.166294,103.018509,80.635147,68.601700,47.060150,90.883507,98.716690,83.747002,32.236610,34.816208,36.090034,103.978371,81.392052,56.959568
-45.019558,-46.291729,31.738493,21.469261,15.736273,-54.172661,62.478596,-48.163750,43.670483,-9.576329,-15.771995,-40.550766,-36.627613,-41.406731,39.273647,19.780390,-23.763397,-12.714419,-27.542646,-37.480278,-43.791420,-33.777935,-7.962991,4.642116,3.622663,-45.837704,-16.217381,-22.108957,-28.821497,-43.770947,-13.385684,10.972964,21.266590,-57.763390,55.203972,-53.911552,-16.320002,-22.925636,-36.415932
147.082443,145.700119,139.371475,140.773804,141.300385,143.769852,141.946991,146.731476,143.740417,139.339737,142.321671,149.332794,150.322144,150.825195,137.946579,142.843750,150.100037,144.655975,148.573654,150.737885,152.866699,153.436340,142.413193,139.837662,141.498550,150.803116,137.524246,153.525513,155.056030,152.386322,149.312347,150.060486,143.556076,148.371902,150.023636,150.200256,144.035690,149.957977,153.902084
57.267879,56.728527,53.617119,54.189838,55.138603,58.943405,56.521015,60.215637,58.246098,54.189186,55.064548,59.338028,62.144218,62.457176,52.303852,56.855091,63.092781,57.770832,60.089054,62.736961,64.568024,64.528244,55.075481,52.118130,53.776367,63.130672,51.391037,63.735058,65.283615,62.788029,60.072277,60.533871,55.661106,62.344807,63.795593,64.150375,55.526646,60.133572,64.105888
30.282036,19.725533,15.304350,14.924621,10.837977,9.559913,6.748169,8.500596,8.651583,9.950128,18.312626,27.490793,12.605498,8.140202,17.446785,15.707021,12.358563,25.295006,25.491776,30.132551,22.561457,22.869057,13.796643,13.523009,11.641496,9.686472,15.824717,25.298939,26.150200,29.818819,16.839348,17.455463,13.586641,9.634210,8.952451,7.641389,13.324311,25.684732,31.452129
-64.917534,-77.365623,-80.002617,-78.982574,-81.146172,-82.012383,-84.666328,-86.354317,-85.075256,-82.387131,-74.012871,-62.747814,-82.645714,-83.784409,-74.094589,-75.815926,-79.523941,-65.519875,-65.148399,-59.874668,-69.418793,-68.825714,-77.545410,-79.547211,-82.058052,-82.663635,-77.841858,-65.961090,-64.036781,-60.183140,-76.398933,-74.747337,-76.584778,-82.314896,-82.744080,-83.681053,-77.736961,-65.764076,-58.624027
18.599436,13.946086,8.320555,7.989153,8.862885,13.805147,15.171881,16.576769,15.797292,13.271514,17.246429,20.456987,20.878798,16.379168,18.832487,20.776957,18.039827,18.310606,19.644974,22.571840,28.635479,23.177408,20.467850,22.839064,22.459347,12.737379,13.062099,14.673558,17.135990,21.171175,16.227087,14.396976,14.080814,21.167013,19.999710,20.476795,20.895109,21.604898,25.330551
73.991821,79.902573,82.861099,82.841843,81.268570,76.484711,74.834862,74.304871,74.795929,78.138794,75.224182,69.767105,71.287247,75.966972,73.530807,71.593475,73.109940,72.388741,70.533318,67.445717,65.360031,70.035210,72.379990,70.609978,71.262390,77.722641,79.296989,75.370110,-72.909569,-69.045097,76.844254,77.737846,76.128113,69.057106,70.226151,69.749588,72.132332,70.168480,65.666458
25.991716,38.675560,45.766918,46.416294,45.614418,35.141899,32.372372,35.115681,34.202507,38.757362,47.718006,8.381409,23.704580,33.959007,40.941616,36.970352,32.672493,36.384090,20.926409,11.758187,22.709696,37.032013,36.746510,34.342323,34.397114,29.379112,36.795845,20.863144,15.588470,8.490493,25.544634,31.357565,29.682711,28.883450,29.781391,30.227804,43.396568,22.991657,13.947786
75.610993,75.713617,75.979664,76.013955,76.043226,76.245794,76.314451,76.850287,76.879234,77.047849,77.146053,77.549394,78.383892,78.450179,78.715583,78.913084,79.713695,79.811622,80.083104,80.147303,81.023362,81.158532,81.380642,81.424770,81.456826,82.021726,82.317880,82.688501,82.718512,82.785675,83.689789,83.819382,83.957007,84.655537,84.690387,84.725593,85.025205,85.387822,85.455755
