62,33
-1.000000,5.000000,-1.000000,5.000000,-1.000000,5.000000,-1.000000,5.000000,-1.000000,5.000000,-1.000000,5.000000,-1.000000,5.000000,-1.000000,7.000000,5.000000,7.000000,5.000000,7.000000,0.000000,-1.000000,5.000000,-1.000000,7.000000,0.000000,7.000000,5.000000,-1.000000,7.000000,0.000000,7.000000,5.000000
-88.010254,21.511242,67.617249,85.990799,198.507751,233.424881,231.908112,222.853424,210.247971,86.000656,20.565615,13.240936,60.606232,76.415611,71.829277,-272.673401,-494.811615,-494.030457,-478.034729,-491.767426,-518.489624,-89.924339,-21.337128,162.372330,91.028908,41.083935,-132.947632,-229.645020,-368.660919,-368.136078,-402.928772,-363.576416,-388.110626
409.426392,414.940735,424.876434,427.109863,373.404846,336.869690,331.333191,328.994293,326.425018,353.808746,370.769531,372.396790,395.668579,409.994263,411.420502,424.293701,423.940552,422.748779,418.503479,418.184204,418.354675,385.195068,410.366913,400.551331,407.501770,415.873535,435.232727,417.201904,406.623352,406.312744,418.914917,430.414856,430.754578
2375.762695,2364.856201,2342.952148,2334.162598,2317.602295,2313.798828,2312.691650,2305.474121,2302.815674,2251.153564,2236.875244,2253.659668,2236.364502,2228.034424,2221.806641,2256.277344,2290.645996,2291.851074,2292.199463,2296.811768,2297.037109,2431.960205,2391.951660,2317.052979,2278.640381,2308.862549,2363.044434,2396.067383,2379.096436,2379.755127,2378.972168,2368.573730,2366.543701
-247.338577,-230.921890,-206.112396,-195.930313,-98.303780,-64.969963,-66.320251,-76.062897,-87.775589,-217.041336,-285.082397,-292.341003,-227.884949,-184.784821,-177.543365,-126.490982,-251.333755,-246.132523,-226.472961,-237.092758,-259.158264,-243.828217,-284.383789,-143.401871,-153.477036,-111.237350,6.430313,-13.146969,-105.387466,-104.163483,-140.300369,-91.763550,-113.515648
415.473267,402.145020,407.265228,405.438904,364.161682,340.547363,343.347015,339.631958,337.101654,374.526703,385.532593,389.936401,397.724609,399.743286,397.084320,349.298706,365.900665,364.738403,357.553711,362.957581,368.105377,395.681824,363.587128,385.233398,387.634644,382.337036,328.177917,341.600250,341.214111,343.960754,358.285278,382.206360,389.397552
2120.574707,2192.731201,2208.566406,2219.735840,2243.965576,2245.442383,2244.626709,2240.195801,2233.596924,2213.769775,2231.120850,2249.522949,2334.540771,2385.964600,2396.931641,2510.667480,2466.711914,2461.808105,2455.742432,2457.542236,2451.802734,2178.272217,2244.738770,2315.940186,2458.810791,2568.535889,2610.509277,2596.340820,2520.996338,2521.744873,2524.137207,2500.868164,2495.479736
-222.869278,-163.972290,-120.236893,-102.569328,21.899790,68.726532,71.818810,62.976685,49.410183,-62.837887,-125.158989,-129.162750,-65.873871,-31.801973,-28.965876,-156.367432,-328.354248,-326.226288,-302.360992,-321.401489,-351.753326,-221.100006,-216.124115,-0.872233,-10.302980,12.780792,-1.767647,-74.419174,-190.052612,-190.797729,-233.353928,-189.913620,-221.224243
614.240723,600.685791,611.641235,613.112427,571.460999,544.364929,542.750732,540.855286,537.391785,566.434204,581.720215,583.674072,606.275208,614.679749,613.297485,596.374512,612.263428,610.830444,604.382996,609.097717,611.504089,591.252991,583.065430,595.292725,604.607910,602.094482,585.223511,592.376343,591.524902,593.106812,606.497620,627.924927,632.719482
2289.313721,2354.652344,2352.994141,2354.895752,2356.202393,2357.844238,2357.622559,2349.083984,2345.322510,2315.975342,2316.470947,2335.745117,2347.649414,2366.009277,2367.284912,2426.255127,2391.545410,2389.295898,2378.765869,2387.925781,2387.541260,2350.307129,2377.081055,2399.528809,2425.105225,2494.352295,2539.616943,2530.522949,2460.369141,2463.457520,2475.903809,2438.257812,2439.248535
-109.450874,-44.664272,-20.861259,-10.177409,74.377914,98.260056,91.172485,81.515152,70.360809,-70.298767,-141.129044,-150.753586,-105.178825,-77.163773,-76.072510,-239.088654,-414.702637,-412.469666,-400.189636,-403.638000,-420.576874,-110.895599,-84.885452,20.506765,-53.750500,-83.302490,-124.408348,-165.456665,-283.356079,-279.341949,-307.388123,-258.889587,-274.357666
195.945267,200.507523,204.492554,203.644867,153.065979,122.733002,121.732193,117.898178,115.441750,150.258759,163.892563,167.277161,177.079239,183.761093,182.888840,166.167267,170.979736,169.806305,164.939713,166.083160,167.939835,173.434631,175.880798,178.549866,177.050476,182.938049,169.234253,158.244415,150.961700,151.626602,164.901581,180.802689,184.034668
2206.686035,2206.204590,2204.928467,2206.860352,2210.011230,2206.744629,2203.892822,2200.386719,2195.553711,2152.649414,2155.484619,2172.324707,2226.757812,2254.642578,2258.189453,2341.132324,2362.426514,2362.221680,2364.564453,2362.167969,2354.479492,2262.184570,2263.964600,2238.481201,2313.839355,2382.492920,2429.301514,2460.349365,2433.235352,2432.898438,2422.845215,2416.689209,2408.650391
-105.256302,-71.509216,-66.752037,-62.576302,-3.060717,9.598486,-3.106168,-13.266392,-23.115883,-179.391235,-255.266327,-267.175171,-226.130157,-190.002686,-185.238083,-228.030746,-372.479340,-369.520874,-361.518188,-355.167694,-363.043427,-109.226776,-107.266327,-73.734993,-160.340881,-183.592209,-137.822037,-134.858185,-239.040543,-231.652588,-252.751663,-196.532181,-203.370834
-18.508789,-11.932037,-13.151321,-16.455643,-65.818863,-91.976837,-89.740280,-94.854767,-97.204170,-56.518616,-45.281479,-40.573044,-41.829636,-40.873215,-43.415909,-80.402374,-72.949951,-74.100586,-79.132874,-77.417755,-74.650909,-39.868484,-51.284164,-41.065872,-50.297791,-44.692062,-79.902390,-88.983414,-94.516327,-93.350342,-79.668716,-61.301971,-56.244186
2078.667969,2074.371094,2087.812988,2097.323242,2114.003906,2110.343506,2105.696777,2105.466553,2099.071045,2059.968750,2074.989502,2091.633789,2201.893799,2256.617676,2267.369141,2386.785645,2406.810791,2406.120117,2411.462158,2402.494385,2387.823975,2129.727783,2159.016602,2160.082764,2320.897705,2415.043945,2456.581299,2493.558838,2465.281738,2463.931641,2444.108887,2444.202393,2430.676270
2.801632,102.262772,121.802147,131.806183,200.368393,214.986816,202.208252,192.536484,182.086746,29.236845,-44.733063,-56.739090,-27.306419,-10.283197,-13.337877,-329.159515,-540.185852,-540.194763,-534.732666,-530.524170,-541.616211,-0.603058,73.445427,136.791595,7.787024,-79.464340,-233.294037,-284.176483,-420.335388,-413.415649,-433.571716,-383.686218,-392.433533
-22.609802,-3.123627,-1.020126,-1.513687,-59.483749,-94.508209,-98.011154,-102.178772,-104.555519,-70.781799,-55.450394,-52.651505,-43.246597,-33.819992,-33.533554,-28.520935,-32.972321,-34.161377,-37.165497,-39.391388,-40.049805,-47.269913,-19.146683,-30.519424,-36.636688,-21.766312,-6.571274,-36.841080,-49.474335,-50.416748,-37.925125,-28.108490,-27.769272
2251.738770,2192.859863,2180.382324,2176.219727,2164.473145,2157.393799,2152.556152,2150.410400,2146.731201,2085.705566,2078.952881,2094.482422,2134.232178,2147.953613,2146.650391,2210.798828,2285.537354,2289.107422,2298.853760,2291.823486,2281.254150,2308.778076,2260.151367,2160.848877,2197.008545,2237.529297,2287.071045,2355.430420,2367.566895,2366.162109,2344.162598,2353.112549,2341.901855
0.000000,0.000000,0.000000,0.000000,0.000000,0.000000,0.000000,0.000000,0.000000,0.000000,0.000000,0.000000,0.000000,0.000000,0.000000,0.000000,0.000000,0.000000,0.000000,0.000000,0.000000,0.000000,0.000000,0.000000,0.000000,0.000000,0.000000,0.000000,0.000000,0.000000,0.000000,0.000000,0.000000
0.000000,0.000000,0.000000,0.000000,0.000000,0.000000,0.000000,0.000000,0.000000,0.000000,0.000000,0.000000,0.000000,0.000000,0.000000,0.000000,0.000000,0.000000,0.000000,0.000000,0.000000,0.000000,0.000000,0.000000,0.000000,0.000000,0.000000,0.000000,0.000000,0.000000,0.000000,0.000000,0.000000
0.000000,0.000000,0.000000,0.000000,0.000000,0.000000,0.000000,0.000000,0.000000,0.000000,0.000000,0.000000,0.000000,0.000000,0.000000,0.000000,0.000000,0.000000,0.000000,0.000000,0.000000,0.000000,0.000000,0.000000,0.000000,0.000000,0.000000,0.000000,0.000000,0.000000,0.000000,0.000000,0.000000
-190.218277,14.236160,63.891506,83.010086,197.530945,233.024475,231.651794,222.648376,210.084015,85.966866,20.562784,13.240581,60.606838,76.416397,71.830063,-175.122253,-622.116455,-638.023254,-623.589966,-597.046265,-582.325439,-176.023956,-27.263771,162.239044,133.993805,73.328407,-92.665619,-195.208496,-442.723633,-459.516418,-485.718018,-343.218689,-354.931061
138.964508,116.402679,126.238434,128.459076,74.733826,38.196655,32.659882,30.320892,27.751587,55.135132,72.095917,73.723175,96.994965,111.320648,112.746887,107.732025,65.628754,67.900146,57.665161,111.269165,110.996552,102.370911,111.768890,101.877838,73.950989,71.073273,50.584412,65.126007,32.927399,37.654205,119.387634,118.101196,119.819977
2300.864502,2359.572266,2340.247070,2331.998535,2316.893311,2313.508301,2312.505859,2305.325439,2302.696777,2251.128662,2236.872559,2253.658691,2236.364258,2228.034424,2221.806641,2243.179688,2208.014160,2219.254395,2234.155029,2230.263672,2217.863037,2389.495850,2388.790527,2316.981445,2269.575195,2260.510742,2279.674805,2320.568848,2358.589355,2354.783203,2300.162109,2280.009766,2291.476807
-199.788437,-205.662277,-202.141632,-198.579529,-119.392479,-99.947487,-118.801010,-132.856232,-148.430115,-307.324646,-368.646820,-362.904968,-328.590088,-335.795990,-333.237732,-304.869141,-141.970840,-120.231522,-78.533783,-100.775391,-160.133942,-224.541626,-251.804062,-213.788788,-226.733459,-137.753448,-0.668045,-15.482136,18.711975,18.356224,-58.301025,-35.010437,-72.829544
32.777008,46.901886,84.687500,106.043121,97.459747,67.168335,71.314056,72.563995,67.708740,98.559143,120.924286,124.359802,122.255341,156.425827,161.156235,112.774506,38.722900,41.684753,40.455780,42.668732,41.677429,10.598969,72.969299,113.548737,100.747253,84.964111,29.594086,42.936340,16.656158,16.330109,19.922455,65.916992,78.103149
2001.375732,2083.648682,2093.531494,2096.061035,2098.260498,2095.311279,2093.724365,2092.597412,2089.255127,2093.843262,2120.033691,2133.417969,2231.530518,2301.123047,2300.479248,2472.675537,2474.031494,2475.504395,2476.360840,2460.782227,2427.356689,2070.144287,2151.070801,2228.031494,2419.632080,2560.043457,2608.731689,2595.794189,2533.315918,2531.650879,2521.528076,2500.599365,2482.335693
-174.084991,-9.148621,44.780937,65.324188,186.061829,225.179306,225.205170,216.811371,204.802414,83.378212,19.647619,12.698446,60.318317,76.226784,71.659370,-81.798935,-647.373840,-707.517212,-681.083069,-568.657959,-288.796631,-168.304504,-48.580475,157.572464,195.613083,215.533264,114.395844,-95.612801,-497.309814,-522.303955,-237.512848,-105.732040,-255.389862
140.883102,-152.443481,-156.445587,-157.238800,-219.391876,-258.516052,-264.726624,-267.309967,-270.077271,-243.345093,-226.554077,-224.942139,-201.676208,-187.351837,-185.925812,66.553452,-251.625427,-251.478546,-274.105835,-200.776093,58.692345,148.632568,-151.672882,-195.795654,-187.938293,-140.319901,-146.750183,-189.344650,-275.893524,-281.497772,-61.206970,-43.504440,-160.463013
2002.633179,2231.584961,2245.746582,2246.735596,2266.253662,2280.253662,2285.569580,2281.083984,2280.881104,2240.701416,2233.239258,2251.513672,2235.224365,2227.286621,2221.133545,2482.078857,2108.507568,2136.871582,2168.924805,2123.942871,2132.923584,2094.527832,2249.686523,2293.011475,2450.225342,2451.521240,2334.649170,2262.448242,2314.123047,2306.985596,2231.413574,2244.888184,2249.177002
-228.244629,-181.698471,-177.114120,-170.345337,-166.575790,-185.248383,-211.703247,-226.731354,-246.759460,-372.376282,-403.461182,-392.695618,-336.613770,-319.574554,-317.964600,-314.493011,2.401093,30.936874,101.478683,58.969025,-49.130524,-306.980225,-192.658173,-246.587631,-144.492126,-107.548096,7.782276,-12.673338,169.311295,166.533569,59.322952,-35.517719,-70.688171
-306.235504,-288.765991,-247.284882,-223.452911,-226.774048,-248.987915,-242.447418,-240.648041,-243.846497,-222.254395,-205.000916,-202.479736,-205.494415,-141.651505,-136.738358,-182.348236,-249.266876,-246.665314,-234.274689,-238.648438,-246.046783,-319.215057,-249.423767,-212.019135,-115.139496,-182.790039,-260.115448,-252.590668,-275.721527,-277.283752,-268.199493,-234.679962,-228.028534
1990.960693,2114.673584,2120.163818,2110.848145,2104.864014,2117.774170,2121.497314,2123.696533,2123.091309,2115.902588,2137.361572,2146.828125,2223.567139,2310.747070,2315.691162,2427.778564,2406.303223,2422.142578,2431.414062,2392.383057,2312.955566,2063.917969,2179.299805,2254.452393,2230.330322,2431.197266,2536.600586,2552.645752,2487.796631,2484.714844,2407.069824,2370.701172,2363.646240
0.000000,0.000000,0.000000,0.000000,0.000000,0.000000,0.000000,0.000000,0.000000,0.000000,0.000000,0.000000,0.000000,0.000000,0.000000,0.000000,0.000000,0.000000,0.000000,0.000000,0.000000,0.000000,0.000000,0.000000,0.000000,0.000000,0.000000,0.000000,0.000000,0.000000,0.000000,0.000000,0.000000
0.000000,0.000000,0.000000,0.000000,0.000000,0.000000,0.000000,0.000000,0.000000,0.000000,0.000000,0.000000,0.000000,0.000000,0.000000,0.000000,0.000000,0.000000,0.000000,0.000000,0.000000,0.000000,0.000000,0.000000,0.000000,0.000000,0.000000,0.000000,0.000000,0.000000,0.000000,0.000000,0.000000
0.000000,0.000000,0.000000,0.000000,0.000000,0.000000,0.000000,0.000000,0.000000,0.000000,0.000000,0.000000,0.000000,0.000000,0.000000,0.000000,0.000000,0.000000,0.000000,0.000000,0.000000,0.000000,0.000000,0.000000,0.000000,0.000000,0.000000,0.000000,0.000000,0.000000,0.000000,0.000000,0.000000
0.000000,0.000000,0.000000,0.000000,0.000000,0.000000,0.000000,0.000000,0.000000,0.000000,0.000000,0.000000,0.000000,0.000000,0.000000,0.000000,0.000000,0.000000,0.000000,0.000000,0.000000,0.000000,0.000000,0.000000,0.000000,0.000000,0.000000,0.000000,0.000000,0.000000,0.000000,0.000000,0.000000
0.000000,0.000000,0.000000,0.000000,0.000000,0.000000,0.000000,0.000000,0.000000,0.000000,0.000000,0.000000,0.000000,0.000000,0.000000,0.000000,0.000000,0.000000,0.000000,0.000000,0.000000,0.000000,0.000000,0.000000,0.000000,0.000000,0.000000,0.000000,0.000000,0.000000,0.000000,0.000000,0.000000
0.000000,0.000000,0.000000,0.000000,0.000000,0.000000,0.000000,0.000000,0.000000,0.000000,0.000000,0.000000,0.000000,0.000000,0.000000,0.000000,0.000000,0.000000,0.000000,0.000000,0.000000,0.000000,0.000000,0.000000,0.000000,0.000000,0.000000,0.000000,0.000000,0.000000,0.000000,0.000000,0.000000
41.649120,512.765625,432.544739,387.571136,283.274536,261.029846,239.720230,231.065216,220.982101,81.624229,17.460552,26.383919,64.470154,52.921906,40.906128,-311.240143,-575.943542,-563.301208,-563.444336,-561.239563,-577.390747,15.760847,477.977783,149.817688,81.483093,-11.105652,-125.293839,-345.194641,-447.196106,-447.280579,-456.489868,-422.836304,-435.184509
-476.282410,-160.930008,-316.964844,-362.342041,-483.760010,-539.933777,-543.065308,-540.045654,-541.285217,-504.849487,-479.310120,-471.159851,-471.995178,-479.433960,-482.944275,-477.120300,-486.711884,-488.316132,-487.767792,-489.297546,-491.778809,-502.085022,-150.255630,-478.722656,-477.561768,-472.256470,-437.810364,-473.325989,-500.450012,-501.513306,-493.024475,-482.469025,-482.330750
2288.255371,2295.404297,2246.887695,2240.065430,2301.678467,2299.594727,2297.976318,2296.626953,2285.754150,2217.394531,2237.080811,2257.344482,2261.837891,2221.711914,2200.949951,2144.444824,2250.905273,2247.809814,2229.860840,2219.188965,2223.878174,2347.980469,2419.649902,2246.006836,2288.242432,2231.645020,2189.495850,2246.803955,2300.223633,2303.360840,2315.345703,2328.197021,2335.163574
-66.459595,7.716568,-82.898758,-61.679413,-147.845184,-205.341202,-223.868378,-241.662140,-257.495789,-380.437958,-402.966919,-386.974945,-310.600067,-180.893021,-144.224396,-132.948853,-225.986816,-218.523300,-214.998428,-216.784607,-202.187775,-92.918633,-19.346451,-270.949554,-138.756424,46.883652,-26.414444,-44.835052,-77.199585,-75.286240,-102.004868,-141.334229,-151.202713
-471.588348,-457.928162,-590.394409,-532.108582,-503.358765,-490.195068,-487.480835,-488.816528,-487.120667,-465.966980,-477.401184,-478.772461,-489.109985,-493.239990,-493.498352,-526.133179,-500.130524,-500.977325,-507.094727,-506.873566,-489.217102,-493.133789,-494.426208,-451.664551,-502.554291,-433.091492,-513.553528,-531.286255,-515.798218,-517.778809,-503.849792,-514.238342,-509.747375
2115.136719,2132.155762,2124.037354,2138.708496,2175.202393,2130.739014,2087.933350,2083.272217,2065.669678,2048.470703,2067.101318,2046.876221,2170.943848,2299.049316,2315.143066,2393.949707,2338.788818,2346.257324,2348.007812,2331.461914,2284.396729,2168.796631,2221.360840,2145.584229,2366.145264,2443.766602,2452.628906,2427.609375,2394.807129,2400.977783,2366.891602,2425.453857,2415.582031
141.296860,785.376709,617.525696,558.869385,358.593567,350.045105,343.897369,331.232574,327.373352,153.720230,105.686600,95.829346,83.593025,82.086716,77.301529,-497.602051,-664.426941,-655.186707,-653.846924,-657.732483,-663.523865,149.908813,908.471252,222.719666,95.107529,67.472412,-204.604828,-492.164673,-543.515381,-540.553040,-546.680176,-506.017761,-497.964417
-902.919800,-229.861755,-577.459839,-692.333801,-885.977783,-933.000732,-928.637939,-928.323730,-931.689575,-922.785706,-895.013794,-886.873047,-894.999023,-909.525574,-915.249512,-856.389709,-909.442871,-910.132812,-906.158447,-903.890503,-908.874756,-918.908936,-282.061340,-881.410278,-904.601624,-898.570251,-862.820557,-878.120972,-926.224304,-927.663330,-921.266235,-913.017578,-915.270142
2319.402588,2275.468994,2194.675781,2167.901123,2150.671631,2126.582275,2116.881836,2118.323242,2115.736816,2109.571777,2126.632568,2135.215576,2145.534668,2139.857422,2136.520020,2256.319336,2330.148438,2328.399414,2328.062500,2326.900146,2330.928955,2382.351807,2411.780762,2087.165039,2187.412842,2163.943359,2218.927490,2330.352783,2348.219971,2354.071533,2351.370117,2304.443604,2300.569336
32.026070,57.356339,244.073593,159.187958,78.753326,-147.144974,-276.875519,-328.461609,-359.931152,-417.980499,-406.626892,-396.546112,-398.872314,-329.559143,-303.557068,-202.490784,-183.718781,-170.826370,-169.582214,-171.423599,-166.946747,40.831306,37.686016,-345.678650,-304.336792,-117.042999,-120.004791,-128.723816,-51.939812,-47.146545,-70.203766,-72.772804,-71.610809
-893.250366,-893.870544,-792.958923,-845.337769,-856.815552,-859.995850,-863.125854,-861.459351,-859.007080,-866.915894,-872.423462,-884.110840,-838.020386,-842.244446,-860.983276,-955.973022,-936.888000,-937.317383,-943.846069,-943.638306,-925.256470,-908.720947,-929.706909,-837.692017,-874.778809,-836.946167,-941.120789,-959.788208,-953.807739,-955.846680,-941.712280,-944.847473,-939.864807
2145.920654,2143.191406,2172.636719,2159.049316,2068.815430,1922.473389,1882.050415,1878.175659,1861.582275,1874.180542,1875.458374,1878.640381,1922.737793,2081.317139,2144.937500,2339.650879,2333.620850,2339.376953,2340.894531,2334.665527,2321.877441,2203.065918,2227.972412,1960.056274,2213.030518,2476.071289,2473.535645,2473.725342,2414.289551,2409.928955,2378.430420,2373.610107,2376.876465
0.000000,0.000000,0.000000,0.000000,0.000000,0.000000,0.000000,0.000000,0.000000,0.000000,0.000000,0.000000,0.000000,0.000000,0.000000,0.000000,0.000000,0.000000,0.000000,0.000000,0.000000,0.000000,0.000000,0.000000,0.000000,0.000000,0.000000,0.000000,0.000000,0.000000,0.000000,0.000000,0.000000
0.000000,0.000000,0.000000,0.000000,0.000000,0.000000,0.000000,0.000000,0.000000,0.000000,0.000000,0.000000,0.000000,0.000000,0.000000,0.000000,0.000000,0.000000,0.000000,0.000000,0.000000,0.000000,0.000000,0.000000,0.000000,0.000000,0.000000,0.000000,0.000000,0.000000,0.000000,0.000000,0.000000
0.000000,0.000000,0.000000,0.000000,0.000000,0.000000,0.000000,0.000000,0.000000,0.000000,0.000000,0.000000,0.000000,0.000000,0.000000,0.000000,0.000000,0.000000,0.000000,0.000000,0.000000,0.000000,0.000000,0.000000,0.000000,0.000000,0.000000,0.000000,0.000000,0.000000,0.000000,0.000000,0.000000
0.000000,0.000000,0.000000,0.000000,0.000000,0.000000,0.000000,0.000000,0.000000,0.000000,0.000000,0.000000,0.000000,0.000000,0.000000,0.000000,0.000000,0.000000,0.000000,0.000000,0.000000,0.000000,0.000000,0.000000,0.000000,0.000000,0.000000,0.000000,0.000000,0.000000,0.000000,0.000000,0.000000
0.000000,0.000000,0.000000,0.000000,0.000000,0.000000,0.000000,0.000000,0.000000,0.000000,0.000000,0.000000,0.000000,0.000000,0.000000,0.000000,0.000000,0.000000,0.000000,0.000000,0.000000,0.000000,0.000000,0.000000,0.000000,0.000000,0.000000,0.000000,0.000000,0.000000,0.000000,0.000000,0.000000
0.000000,0.000000,0.000000,0.000000,0.000000,0.000000,0.000000,0.000000,0.000000,0.000000,0.000000,0.000000,0.000000,0.000000,0.000000,0.000000,0.000000,0.000000,0.000000,0.000000,0.000000,0.000000,0.000000,0.000000,0.000000,0.000000,0.000000,0.000000,0.000000,0.000000,0.000000,0.000000,0.000000
-167.674408,-104.705322,-69.247574,-54.969753,50.101982,84.227455,82.793930,73.395264,61.236191,-65.520340,-132.258392,-139.550049,-83.639359,-54.184608,-52.857048,-199.582184,-373.072662,-370.081482,-352.253845,-364.430084,-388.823944,-166.876282,-152.860458,9.485235,-31.224066,-35.076710,-63.258659,-121.395996,-237.024185,-236.149780,-271.614563,-227.669983,-250.813156
412.449829,408.542877,416.070831,416.274414,368.783264,338.708527,337.340088,334.313110,331.763336,364.167725,378.151062,381.166595,396.696594,404.868774,404.252411,386.796204,394.920593,393.743591,388.028625,390.570892,393.230042,390.438477,386.977020,392.892395,397.568176,399.105286,381.705322,379.401062,373.918732,375.136749,388.600098,406.310608,410.076050
2248.168701,2278.793701,2275.759277,2276.949219,2280.783936,2279.620605,2278.659180,2272.834961,2268.206299,2232.461670,2233.998047,2251.591309,2285.452637,2306.999512,2309.369141,2383.472412,2378.678955,2376.829590,2373.970947,2377.177002,2374.419922,2305.116211,2318.345215,2316.496582,2368.725586,2438.699219,2486.776855,2496.204102,2450.046387,2450.750000,2451.554688,2434.720947,2431.011719
70.658768,71.058655,71.163132,71.198868,71.360420,71.497543,71.558540,71.594551,71.630486,71.860123,72.196022,72.362953,72.566002,72.698219,72.728798,73.164085,73.597527,73.659500,73.959457,74.132439,74.331917,75.496216,75.901054,76.467575,77.367516,77.534805,77.736702,77.899429,78.439888,78.469772,79.036858,79.730598,79.836082
