19,33
-1.000000,5.000000,-1.000000,5.000000,-1.000000,5.000000,-1.000000,5.000000,-1.000000,5.000000,-1.000000,5.000000,-1.000000,5.000000,-1.000000,7.000000,5.000000,7.000000,5.000000,7.000000,0.000000,-1.000000,5.000000,-1.000000,7.000000,0.000000,7.000000,5.000000,-1.000000,7.000000,0.000000,7.000000,5.000000
10.227335,11.552665,11.624577,12.500031,14.528480,14.166940,15.280705,16.303329,16.557629,15.786489,14.249130,11.343453,14.530631,25.215715,27.002361,26.744694,29.473888,32.538399,37.560875,33.220387,24.834652,12.270896,11.715191,16.739706,10.492894,14.617815,20.337856,13.993237,33.235432,32.003777,23.640524,18.583679,13.741199
35.103294,24.527201,22.060581,21.334354,19.062235,18.924028,19.206066,18.592764,18.681910,20.489637,20.242092,20.519657,15.890956,14.498938,14.245134,28.358738,12.108576,13.303061,11.549697,11.877282,9.849758,31.066628,22.948034,20.172895,17.958761,18.663872,21.563139,16.836990,1.257255,3.062796,9.389712,16.037315,14.238526
80.269531,81.444382,78.948891,-77.500130,-77.952484,-78.172195,-76.433846,-75.513123,-74.687149,-74.232521,-75.907707,-79.024849,-78.817017,-71.767433,-73.867241,-101.480568,63.627071,60.515640,56.063049,60.226315,68.543556,80.108299,78.413162,73.361382,-79.508965,82.501587,70.315750,76.022461,58.480030,59.622257,66.985931,71.852303,76.565140
112.065773,94.122520,94.175621,94.759979,91.945869,89.399017,87.806808,88.053268,88.037231,86.125328,87.235771,86.715370,89.613342,91.923370,92.693504,110.202187,78.005089,-76.699524,78.450310,78.303963,82.251381,103.736923,100.109695,92.893471,86.914436,86.804688,102.583496,99.909485,-90.998047,-87.697823,81.195366,95.112686,97.171478
18.148092,26.478952,25.945070,25.301256,35.389416,38.013657,34.926453,35.262028,35.667553,30.843376,25.018181,18.923796,12.094420,19.897100,22.001465,24.934258,29.609741,30.292564,31.392090,28.065460,29.943535,20.027712,22.612797,33.319691,21.376921,46.462742,33.237091,22.519407,32.856457,31.160423,28.439051,14.961452,13.023632
18.148104,60.977867,41.033985,34.875134,35.956078,36.290352,37.233673,37.004356,36.237350,38.071079,41.710190,43.488083,35.685799,26.501755,23.560947,12.477369,6.014640,7.929741,10.546056,8.031062,4.116325,20.027700,63.359592,30.755177,29.632046,24.939970,29.347980,5.802012,9.307721,7.437143,7.148938,3.266446,4.808113
-73.635201,-65.751465,64.275772,64.812904,60.260723,64.597435,69.023232,70.367882,71.291229,69.776505,71.397102,75.607407,81.402206,70.478882,68.089142,76.954941,69.401741,70.088028,68.860580,71.020187,68.169342,-71.456108,-67.951454,74.232079,69.249443,-44.189713,71.649094,75.242035,70.699768,72.456558,73.878784,85.467468,88.003838
73.635193,97.894653,83.309563,76.937386,57.069084,55.557819,54.797401,54.977139,55.816730,54.646854,50.323067,49.806889,55.003727,63.498562,-66.462837,-80.579605,-86.299751,-84.386864,-80.127831,-82.277718,-86.329742,71.456116,88.172073,-59.270771,-60.546402,-65.099495,-65.788033,84.255943,-82.357216,-83.881866,-90.173561,-89.977821,-94.080856
19.346302,22.296736,24.457775,25.554785,29.945766,33.358639,33.855370,34.126842,33.833000,27.089296,27.243008,26.948893,25.632309,39.065968,41.861919,34.828358,15.386168,13.198662,13.854550,14.058744,16.765038,22.171745,23.023497,23.651295,-44.773369,26.380766,13.960829,8.260990,11.749352,11.580224,21.474476,25.366806,20.007118
71.468887,69.985397,68.781425,68.437309,60.561989,56.663464,56.263424,56.057728,56.296085,64.136658,65.113312,64.931290,68.577576,61.731426,58.067127,-55.272839,-74.699310,-76.854080,-76.705719,-76.017570,73.415039,67.830238,71.395065,67.230515,98.258347,86.964813,79.791893,83.256783,-78.513527,-78.667580,68.559845,72.511307,75.493408
-76.932640,-24.603024,-18.191833,-16.434736,-9.838451,-6.497273,-5.274886,-4.751925,-4.280433,-2.055285,-0.718188,-0.424746,-0.225554,-0.149353,-0.134170,77.246559,15.372066,10.168136,12.215111,24.335127,87.679680,-90.785492,-27.356850,-4.671518,35.856148,52.202625,46.267437,15.439596,5.126596,5.370640,67.272087,51.640450,14.278986
97.448097,99.652382,99.673645,99.801712,96.966644,94.625481,93.728989,93.417984,93.028976,91.551758,90.586502,90.346558,90.221161,-90.147888,-90.132309,76.745903,77.210388,81.921204,81.534103,70.936890,38.680534,92.095390,104.624420,94.006355,54.794449,39.342655,54.274174,76.502548,-85.019501,84.653763,55.105030,59.702793,85.326485
8.245193,6.832538,59.630699,35.042206,55.057938,47.737370,33.015831,30.129522,27.961527,29.814169,30.522650,21.610693,30.873943,42.185089,40.350109,22.646141,15.504373,14.771348,14.717460,15.130696,24.393711,15.731802,7.933206,27.387920,37.152775,52.646244,26.941666,26.696753,21.027643,18.841434,19.020742,-4.896690,-5.032248
82.701591,-87.382294,73.302391,76.997864,61.515156,53.621452,61.156761,62.716614,64.536438,67.045738,65.678833,73.399017,60.238346,-47.816216,-50.071304,75.782867,75.604683,76.882797,76.893394,75.584526,65.879387,76.319023,-85.780739,67.946503,-53.189960,-49.146893,65.055244,64.035637,71.246735,73.874878,72.376869,94.895264,-94.555969
8.245193,18.473364,20.009405,20.743805,37.866318,41.396858,43.597870,43.360394,41.585556,31.158886,35.011528,37.091099,32.946117,20.487608,15.426171,36.548237,16.449564,18.320494,23.216787,25.068804,22.471670,15.731789,21.580379,33.063786,25.951017,8.334914,29.393551,27.529034,17.445135,16.605268,12.260769,6.001165,-4.666358
-82.701584,72.380470,79.443184,76.195808,53.710632,48.731941,-46.402134,46.640873,-48.415409,58.869537,-55.141468,52.991314,-57.094578,-70.766907,-76.374550,54.113941,73.778282,71.720718,67.282326,65.419998,68.087517,-76.319031,70.307083,-58.146198,-65.719322,-87.409637,60.824356,63.653786,-72.597206,-73.395996,-78.359123,-87.375107,-92.113777
-119.845726,-139.727997,-147.428589,-151.005432,-156.893768,-157.078491,-156.686188,-157.527100,-157.027664,-158.270279,-159.859543,-159.674973,-155.660736,-145.552200,-141.956650,59.349998,35.431080,33.978779,32.393475,31.941933,30.863894,-118.966324,-147.441757,-160.022858,-140.291245,-116.894112,58.566631,42.553589,27.989584,28.055595,29.377453,26.060621,25.617819
70.658764,71.058656,71.163129,71.198864,71.360424,71.497547,71.558537,71.594553,71.630484,71.860125,72.196025,72.362955,72.566000,72.698218,72.728797,73.164088,73.597524,73.659501,73.959461,74.132439,74.331915,75.496214,75.901057,76.467578,77.367512,77.534807,77.736700,77.899429,78.439889,78.469772,79.036860,79.730599,79.836083
