19,38
8.000000,-1.000000,7.000000,0.000000,7.000000,-1.000000,7.000000,-1.000000,5.000000,-1.000000,5.000000,-1.000000,5.000000,-1.000000,5.000000,-1.000000,5.000000,-1.000000,5.000000,-1.000000,5.000000,-1.000000,5.000000,-1.000000,5.000000,-1.000000,5.000000,-1.000000,5.000000,-1.000000,5.000000,-1.000000,5.000000,-1.000000,7.000000,-1.000000,5.000000,-1.000000
28.013399,29.576853,30.543087,15.855857,17.673815,26.610561,26.920109,27.307886,27.117100,25.724850,14.338913,8.736375,21.210602,15.045722,36.272175,36.336815,36.649757,32.644222,19.502762,20.744228,18.630718,13.778946,33.961708,10.812449,16.028992,19.388062,46.522896,20.683603,18.988272,21.113514,35.895943,33.279503,26.445162,21.666798,11.408105,13.138265,11.995738,9.348974
22.640419,22.463556,24.048412,26.499634,27.585289,28.745401,28.665522,28.814829,28.302065,25.849371,21.489912,19.661829,12.238814,11.251794,36.427303,36.460835,36.713123,32.660763,12.854030,11.073520,9.974842,6.437088,34.645184,33.847683,30.998188,30.631086,19.084820,15.923701,21.521912,23.194435,36.046959,33.289764,26.445913,21.667150,9.490406,7.544026,6.502342,6.004757
78.886948,79.674553,79.782059,91.152855,88.840683,76.901909,76.727425,73.863304,73.224831,68.033340,75.706619,-84.925240,68.792496,75.975594,63.193031,64.264030,65.690178,68.917862,70.542892,-69.256729,71.392120,76.240067,66.435349,85.533485,84.011482,81.312744,105.710953,-69.746170,71.042793,69.075127,65.109261,61.845314,66.784401,-69.516243,78.595024,77.551155,78.432915,81.061966
-97.519432,-108.570969,-113.833206,116.232704,116.259781,107.601105,106.895218,109.034241,109.089340,112.328857,109.939598,-109.097374,-95.536209,-97.062401,116.910065,115.812889,114.345757,111.092232,-94.162285,-94.775597,-95.106865,-94.770149,114.012581,111.971939,111.482544,112.015228,107.932678,-95.665421,111.521858,113.078255,114.994568,118.162735,113.216377,-110.484070,-93.114990,-94.245094,-94.808418,-93.933029
32.973213,36.186943,31.228731,38.138206,35.505287,27.323515,19.098915,23.682331,21.406601,21.711927,27.893999,13.958394,7.000789,10.240387,22.201363,21.801741,22.100527,21.358089,7.004235,6.920192,8.000081,13.005086,21.255043,26.648808,25.112286,24.657049,23.523849,16.628653,17.056334,19.582790,23.718355,19.200825,26.020699,10.416125,8.183573,9.530050,12.325906,12.556551
32.973213,26.749178,22.788252,19.465000,35.505287,17.978598,19.506792,21.094004,21.406584,62.141922,13.596800,6.891363,30.068104,23.520529,78.991188,79.867348,22.100517,63.319160,28.796679,25.560951,23.743694,22.145966,90.521797,22.773823,59.304401,46.607555,14.326443,33.729820,12.248653,19.504141,85.942368,68.791672,12.864970,4.105559,26.820755,20.528307,18.363501,20.058960
-63.067127,-60.451038,-63.822094,-58.947258,-60.355942,-66.288673,-72.133621,-67.660538,-68.998550,68.992424,62.322716,81.216835,-84.338493,82.143929,69.924484,69.638878,69.176262,69.327591,-89.884842,-83.477676,82.000755,79.618240,69.742744,-63.351246,65.011459,65.713417,-66.508926,-105.883690,76.621231,73.135597,67.342155,76.647163,65.823837,88.211899,-86.941071,-80.473633,78.761894,80.944962
63.067112,67.675720,69.226990,70.939896,60.355965,-72.998520,-72.239586,-72.734901,68.998566,50.030640,-77.840401,-88.130219,119.780716,-111.774849,78.542213,56.866596,-69.176262,74.199089,116.567215,114.389717,113.470886,-111.124977,69.091080,-71.274330,86.046547,75.046959,-90.441650,122.628181,-79.026825,-70.505257,70.414009,69.092621,79.388748,91.675415,115.387398,110.512123,-107.722664,-108.001305
-5.250462,-4.739253,-4.276267,-12.204695,-10.325368,-3.263808,-2.974074,-2.714979,-2.480334,-1.299955,23.319561,46.619347,58.539921,33.553692,-1.291952,-1.177859,-0.884038,-0.486180,53.096703,64.554115,60.075230,55.496521,-4.356175,36.029842,-36.842037,-31.953743,50.186531,63.490009,7.298100,-6.836470,-2.391301,-0.706375,-0.223812,0.163129,8.251740,10.469146,18.171324,18.392824
90.042610,90.195290,90.222771,-92.692467,-94.423515,93.249298,92.937729,92.622482,92.330849,90.617134,78.609795,57.500557,33.644260,-56.448467,90.149399,90.188965,90.188698,90.108559,47.522957,32.752026,33.295654,-34.569561,94.027748,-76.892464,-91.919968,-97.576904,55.311771,37.105568,89.799271,90.600883,91.514809,90.450165,90.030159,89.936165,83.233231,81.105591,72.401833,71.887344
-140.121719,-119.961998,103.290108,89.868561,79.056763,31.286470,28.357121,25.689295,23.260185,-11.450397,-7.579217,-6.832510,-1.754908,-0.213979,0.000000,0.000000,0.000000,0.000000,-0.000000,-0.000000,-0.000000,-0.000000,0.000000,0.000000,0.000000,0.000000,-0.000000,-0.000000,-0.000000,-0.000000,0.000000,0.000000,-0.000000,-0.000000,-0.000000,-0.000000,-0.000000,-0.000000
114.581718,101.500244,83.142838,68.229485,60.687103,68.793953,70.436363,74.147041,76.830597,92.270668,94.948662,96.772163,-90.841095,-90.149483,89.990433,89.990547,89.992294,89.995995,-90.000534,-90.000488,-90.000504,-90.000450,89.999474,89.999321,89.999588,89.999710,90.001106,-90.000557,90.001144,90.001015,89.999405,89.999771,90.000694,-90.001236,-90.000320,-90.000320,-90.000328,-90.000343
36.996899,38.983086,34.719074,41.895061,40.625851,39.039146,31.126183,35.623875,32.112347,28.246155,37.330566,26.397110,28.635715,10.154508,23.844524,25.274723,23.903399,21.971401,21.595787,28.598928,29.761597,20.526602,23.373541,35.528545,30.238590,28.892172,30.211098,-5.100542,20.856421,24.125338,27.716784,22.577036,30.151648,14.602002,20.390509,18.192806,12.538111,4.817515
-70.488007,-70.902214,-77.269753,-70.949905,-70.914215,-74.632240,-81.578644,-73.790916,-72.271133,-62.226917,-53.165600,64.427399,-71.179283,-80.024300,-80.535156,-81.590698,-84.261742,-77.323967,-71.654655,-66.639191,-67.941261,-75.097404,-83.573898,-74.002052,-68.548347,-67.486458,-60.222038,-93.164696,-69.741547,-67.226807,-82.715858,-78.294472,-61.745502,-75.437210,-82.917671,-78.874931,-81.984879,-88.488258
36.996899,31.175247,26.102993,21.924145,40.625843,18.419106,15.856133,13.743270,32.112354,110.868492,74.922279,72.584068,-2.341008,8.616323,24.779554,35.259079,23.903399,95.140068,10.507081,6.013467,2.970913,-13.416656,50.391724,19.623304,31.164322,113.700630,64.752922,12.606187,72.912491,84.863304,43.998009,91.916328,93.451485,76.904175,-2.691009,-4.425628,-9.958051,-16.010145
70.488007,78.455353,82.608337,85.052010,70.914230,88.210564,88.900406,88.154343,72.271133,45.817570,53.181705,34.071033,-91.372391,-82.795921,-65.222115,-58.991066,84.261742,25.780680,81.990105,85.305206,87.177551,-96.405556,40.357506,88.286743,70.369141,53.303062,55.209076,81.177406,48.982334,48.242767,46.294426,12.818721,65.446030,37.760990,91.219658,-91.412666,-92.975006,-95.801590
-152.326080,-151.562897,-150.824814,-152.004623,-153.336975,-156.432877,-156.401749,-157.611115,-157.819916,-136.873825,-117.237518,-93.445259,32.925705,45.760231,-156.743698,-156.023102,-154.329773,-156.286316,33.146206,29.222073,28.535160,22.454260,-153.618515,-155.209335,-155.290909,-153.715500,-111.089493,44.141434,-117.086411,-124.459915,-153.434555,-156.430511,-127.870537,85.607681,25.506870,22.128412,20.158451,20.946594
133.071855,133.101352,133.134894,133.165853,133.200921,133.502118,133.538212,133.571891,133.601632,133.836696,133.967134,134.002670,134.437072,135.106498,135.981920,136.010484,136.105092,136.306123,137.076584,137.144736,137.174293,137.376933,138.507905,138.814739,139.009572,139.044905,139.343461,139.576321,140.711270,140.747820,141.146879,141.548327,141.912350,142.011563,142.441492,142.547453,142.644587,142.812902
