62,28
-1.000000,4.000000,0.000000,7.000000,0.000000,7.000000,0.000000,-1.000000,4.000000,-1.000000,0.000000,7.000000,0.000000,-1.000000,0.000000,4.000000,-1.000000,0.000000,-1.000000,0.000000,-1.000000,7.000000,0.000000,-1.000000,4.000000,-1.000000,0.000000,7.000000
-954.299683,-817.146729,-802.013367,-621.544983,-614.453125,-607.469910,-623.880005,-860.789368,-1006.093872,-997.854919,-580.126282,-576.189819,-636.624146,-828.936401,-904.713928,-910.782471,-948.205872,-899.740479,-891.415527,-836.785278,-622.715515,-626.238220,-667.970703,-831.291321,-960.212708,-867.111206,-780.709534,-645.462952
131.513550,305.248230,321.861786,318.245605,316.632019,320.033173,310.728394,266.616638,109.900414,147.955933,323.136597,319.565491,322.962158,227.285736,222.900940,231.415207,206.169189,166.129028,190.851929,260.070068,337.085266,336.319946,315.949951,241.784317,149.826523,283.028656,342.468689,327.604736
2462.756348,2439.992676,2445.490234,2483.308350,2485.888428,2489.950928,2509.572754,2418.458008,2391.172607,2392.011963,2487.484863,2486.760742,2510.130127,2432.440430,2422.113525,2427.281494,2429.796387,2418.820801,2423.116455,2432.063232,2476.319336,2470.903809,2476.717529,2417.987793,2465.550293,2456.881104,2460.198730,2504.123535
-752.377808,-641.835205,-629.878479,-448.527893,-439.727448,-428.921570,-429.010864,-684.456970,-860.094971,-833.046814,-391.954285,-391.163361,-431.167633,-644.620728,-712.770081,-721.911499,-769.141785,-720.916748,-707.764404,-629.327393,-445.350128,-448.801453,-450.511139,-629.654602,-755.686584,-689.613770,-646.059875,-452.523163
259.217316,295.520935,298.570831,268.473999,263.612976,264.785522,268.217957,291.586823,260.358948,264.170288,276.212646,273.237732,277.065430,279.300537,295.287842,295.870972,305.317566,284.122803,297.566406,313.109924,286.574982,285.236145,288.378174,297.396362,263.022797,284.240234,288.961365,285.867401
2527.321289,2613.535156,2621.020508,2654.146240,2654.086670,2653.329834,2657.594238,2590.831055,2509.828369,2531.340576,2642.575195,2645.749023,2641.887939,2588.560059,2560.093018,2573.700439,2564.610840,2542.974609,2550.515381,2556.115967,2642.598633,2637.023438,2593.446045,2548.076172,2548.405273,2627.640869,2660.144531,2653.867188
-948.511353,-737.899414,-714.976990,-518.230042,-508.507599,-495.313568,-504.992676,-815.432983,-1035.363159,-1015.459839,-459.162292,-457.818542,-509.391541,-792.197083,-855.685181,-871.983154,-908.673523,-909.066589,-892.137207,-782.382751,-509.334045,-506.954834,-542.593079,-754.508118,-948.274048,-801.341187,-689.749451,-536.029297
368.738556,498.671326,510.489075,490.780121,488.117432,491.615204,488.892151,473.569092,351.625671,376.809998,500.926819,497.638458,501.184143,442.484192,457.967926,458.305725,436.972687,399.013031,422.531219,479.906769,511.933899,511.676727,506.743225,457.933990,383.350769,477.899841,512.891724,507.832916
2497.895996,2560.224609,2572.069092,2614.709961,2618.874512,2619.480957,2621.222656,2529.143555,2460.843262,2471.416992,2601.644287,2602.328857,2613.457520,2546.623535,2527.068604,2529.016602,2528.834961,2476.737061,2486.811768,2507.657715,2600.323486,2588.322754,2557.456055,2545.474854,2517.286377,2579.332520,2607.912842,2621.189453
-744.755615,-713.302002,-709.784180,-547.354309,-541.503052,-536.485168,-543.819824,-723.369080,-792.653259,-797.760864,-505.922180,-503.016693,-554.822876,-672.924561,-738.368652,-746.082642,-755.106812,-702.789368,-700.238892,-679.312012,-552.133484,-561.162354,-571.704346,-678.021118,-755.986328,-748.594482,-729.101746,-559.317139
20.380741,97.177818,107.229767,92.461472,89.800346,92.272621,86.640594,79.739403,39.662422,38.660782,97.392357,93.945770,97.964607,57.689316,65.910217,70.129868,80.708588,49.591141,63.736710,87.935684,110.312973,108.879875,97.480415,71.306702,27.084785,81.856987,114.414886,104.938889
2501.559082,2499.020020,2500.278809,2522.672852,2521.814209,2523.950195,2548.204834,2483.139160,2462.152832,2462.095215,2527.950684,2529.768555,2538.259521,2500.284180,2494.555664,2495.042236,2488.372070,2492.830566,2494.768555,2489.147949,2517.552002,2517.130859,2509.953613,2486.497559,2500.297852,2512.750244,2516.886230,2536.051758
-558.403381,-629.868958,-637.412659,-493.226532,-488.822723,-486.205505,-486.382690,-606.423218,-596.746216,-617.041504,-453.565430,-451.314056,-496.873016,-538.103638,-597.941589,-606.085510,-580.694031,-529.599121,-532.062378,-546.034851,-502.146881,-516.684937,-500.675476,-546.039795,-578.682800,-650.999268,-693.078979,-495.598419
-105.419556,-109.760025,-104.715385,-127.551208,-130.880630,-129.081238,-132.512024,-110.037178,-48.644760,-84.296417,-122.903862,-126.298073,-121.704796,-117.887276,-100.854919,-99.585739,-55.098663,-82.624992,-76.743225,-90.384811,-110.594131,-112.629951,-117.789246,-105.042450,-110.557579,-119.457489,-107.445709,-112.875465
2532.946289,2537.841553,2534.818115,2542.227295,2538.227295,2539.003418,2569.652588,2527.805664,2518.883301,2515.799072,2550.409912,2554.327393,2551.093262,2550.178711,2548.366455,2543.652588,2532.879150,2550.343506,2550.465576,2531.764160,2539.476562,2544.073242,2529.642578,2541.272705,2524.138672,2548.491943,2550.430908,2550.573975
-713.941589,-764.357117,-769.832214,-626.117798,-623.008911,-623.343750,-636.005798,-741.806763,-707.677979,-743.100220,-598.042725,-593.399536,-654.626709,-680.037476,-738.049011,-745.551086,-722.385559,-660.901001,-669.713257,-705.100525,-638.321411,-652.924866,-667.660095,-705.098755,-729.363220,-786.653687,-796.558594,-643.684082
-203.788345,-102.297852,-86.798164,-89.322510,-90.162964,-86.646957,-99.871925,-129.208649,-162.964905,-173.186676,-86.875938,-90.722069,-86.464348,-157.941742,-153.692993,-147.180954,-133.553741,-169.262268,-156.728271,-131.052444,-71.814224,-73.406662,-96.617203,-148.911407,-193.952606,-120.383438,-66.324829,-80.841118
2483.212402,2404.710693,2399.786377,2411.009521,2409.054443,2413.516602,2455.999756,2395.461914,2428.727051,2409.229248,2431.332764,2432.237061,2449.926758,2429.957520,2447.649658,2435.534424,2426.201904,2459.183350,2454.976807,2436.648438,2411.813477,2416.522949,2440.008301,2438.653564,2463.097168,2417.987061,2396.770752,2435.642334
0.000000,0.000000,0.000000,0.000000,0.000000,0.000000,0.000000,0.000000,0.000000,0.000000,0.000000,0.000000,0.000000,0.000000,0.000000,0.000000,0.000000,0.000000,0.000000,0.000000,0.000000,0.000000,0.000000,0.000000,0.000000,0.000000,0.000000,0.000000
0.000000,0.000000,0.000000,0.000000,0.000000,0.000000,0.000000,0.000000,0.000000,0.000000,0.000000,0.000000,0.000000,0.000000,0.000000,0.000000,0.000000,0.000000,0.000000,0.000000,0.000000,0.000000,0.000000,0.000000,0.000000,0.000000,0.000000,0.000000
0.000000,0.000000,0.000000,0.000000,0.000000,0.000000,0.000000,0.000000,0.000000,0.000000,0.000000,0.000000,0.000000,0.000000,0.000000,0.000000,0.000000,0.000000,0.000000,0.000000,0.000000,0.000000,0.000000,0.000000,0.000000,0.000000,0.000000,0.000000
-1049.397827,-865.978333,-831.891541,-717.620850,-724.735474,-721.561646,-719.777466,-960.542053,-1051.519165,-1029.528198,-737.320435,-751.418396,-700.644714,-907.823853,-967.768616,-986.731995,-1014.499451,-962.193787,-950.862183,-874.336487,-774.228577,-798.464050,-766.089111,-900.570618,-1049.689575,-942.449585,-839.732361,-751.275574
-74.695847,136.337799,159.039841,135.053314,128.221329,131.991074,115.069534,155.073837,-117.001564,-104.223770,99.886246,90.561218,110.271774,135.992950,117.182549,113.228325,94.450539,-11.109818,5.083191,89.049210,116.852829,134.896027,91.777328,180.674667,-22.610580,122.747635,177.839691,117.671387
2517.431641,2326.177979,2314.591309,2371.277832,2397.319824,2422.516602,2407.423828,2304.118164,2251.628418,2300.236328,2452.715820,2450.778809,2394.848145,2305.089111,2307.545410,2310.605957,2318.958984,2338.027832,2338.573975,2333.339111,2385.373047,2426.715088,2395.853027,2298.391113,2382.061035,2336.158936,2304.619629,2390.747314
-718.604553,-639.469421,-627.985352,-400.080597,-383.790161,-367.036621,-337.782349,-523.073364,-669.091187,-632.979431,-374.043396,-349.029419,-352.726410,-488.647675,-546.342957,-554.284302,-571.958984,-537.824951,-518.890686,-473.332947,-388.458221,-404.579285,-354.251221,-468.567413,-608.625000,-528.957764,-556.083252,-431.404236
-8.695007,25.308746,28.354645,73.411758,55.045959,36.316315,8.563049,105.080093,184.324646,173.971436,68.556168,35.777069,10.386902,77.819595,95.799973,107.604431,119.224030,43.331360,23.182220,89.571564,27.303192,39.699463,17.466888,74.352234,95.877747,43.120621,16.472900,21.080627
2517.175293,2612.971680,2620.571289,2659.720703,2671.656250,2684.163574,2585.421387,2494.687988,2526.237549,2483.620117,2571.650635,2626.331543,2562.837402,2527.722900,2483.523193,2481.436768,2457.633789,2402.796875,2406.314697,2508.147217,2670.350098,2677.628906,2549.239014,2511.327881,2528.808105,2480.563965,2533.390137,2604.243164
-933.119019,-633.078369,-603.726685,-456.305420,-488.486664,-546.257202,-465.108398,-755.729248,-972.407104,-967.388611,-515.418945,-626.426575,-458.135864,-697.769897,-776.510193,-793.721191,-827.042480,-814.221191,-791.508972,-684.837830,-506.882599,-593.350525,-539.360779,-670.448547,-884.632080,-707.932434,-594.626038,-481.885101
-3.593246,261.646606,280.603668,171.613495,89.634689,12.497261,151.746078,305.940338,82.317604,-0.727295,284.005798,55.970013,42.450432,314.687012,321.088257,315.810883,306.899170,232.418289,241.298294,294.018311,84.958466,2.905151,37.219013,346.050964,210.092575,272.744751,277.678833,192.575958
2303.613525,2365.716553,2387.843262,2372.430664,2328.836914,2311.836670,2388.976562,2394.549316,2416.047607,2541.995850,2430.719727,2394.863770,2317.039307,2415.085205,2407.994873,2410.622559,2408.314697,2323.445557,2322.394287,2340.880615,2345.425293,2329.689941,2286.775635,2388.911865,2334.242920,2366.859375,2396.765869,2409.633789
-604.271606,-605.672119,-597.544617,-313.508362,-283.308380,-253.684952,-245.313995,-463.999817,-577.645996,-540.934631,-428.489075,-322.792267,-240.819336,-424.593994,-480.636841,-490.592834,-486.413330,-323.067200,-322.408813,-390.642944,-371.159943,-356.679138,-278.869965,-412.060852,-569.654907,-373.204163,-372.540039,-415.478241
-252.841553,-242.787506,-240.145081,-101.520859,-95.124023,-105.372757,-186.590088,-91.422379,78.200302,24.770660,23.174278,-107.710144,-205.858444,-115.094574,-117.556976,-100.759644,-90.048843,-123.704803,-177.048340,-144.642548,30.343758,-17.424152,-216.047760,-83.124512,-16.527710,-116.536575,-156.668686,-248.303986
2498.708496,2611.326172,2619.220459,2494.838379,2490.825928,2498.784180,2434.784424,2327.138916,2314.269775,2285.224121,2486.434326,2572.594238,2431.811523,2365.325439,2333.435791,2322.941406,2310.908936,2265.043213,2263.822510,2350.819580,2404.324219,2426.462891,2442.620361,2312.927734,2306.018799,2334.189209,2440.086426,2590.141846
0.000000,0.000000,0.000000,0.000000,0.000000,0.000000,0.000000,0.000000,0.000000,0.000000,0.000000,0.000000,0.000000,0.000000,0.000000,0.000000,0.000000,0.000000,0.000000,0.000000,0.000000,0.000000,0.000000,0.000000,0.000000,0.000000,0.000000,0.000000
0.000000,0.000000,0.000000,0.000000,0.000000,0.000000,0.000000,0.000000,0.000000,0.000000,0.000000,0.000000,0.000000,0.000000,0.000000,0.000000,0.000000,0.000000,0.000000,0.000000,0.000000,0.000000,0.000000,0.000000,0.000000,0.000000,0.000000,0.000000
0.000000,0.000000,0.000000,0.000000,0.000000,0.000000,0.000000,0.000000,0.000000,0.000000,0.000000,0.000000,0.000000,0.000000,0.000000,0.000000,0.000000,0.000000,0.000000,0.000000,0.000000,0.000000,0.000000,0.000000,0.000000,0.000000,0.000000,0.000000
0.000000,0.000000,0.000000,0.000000,0.000000,0.000000,0.000000,0.000000,0.000000,0.000000,0.000000,0.000000,0.000000,0.000000,0.000000,0.000000,0.000000,0.000000,0.000000,0.000000,0.000000,0.000000,0.000000,0.000000,0.000000,0.000000,0.000000,0.000000
0.000000,0.000000,0.000000,0.000000,0.000000,0.000000,0.000000,0.000000,0.000000,0.000000,0.000000,0.000000,0.000000,0.000000,0.000000,0.000000,0.000000,0.000000,0.000000,0.000000,0.000000,0.000000,0.000000,0.000000,0.000000,0.000000,0.000000,0.000000
0.000000,0.000000,0.000000,0.000000,0.000000,0.000000,0.000000,0.000000,0.000000,0.000000,0.000000,0.000000,0.000000,0.000000,0.000000,0.000000,0.000000,0.000000,0.000000,0.000000,0.000000,0.000000,0.000000,0.000000,0.000000,0.000000,0.000000,0.000000
-700.006958,-732.446960,-728.312927,-644.360046,-646.563904,-646.085327,-677.353455,-765.949036,-740.833435,-743.885498,-640.800415,-638.202576,-686.546753,-772.997864,-773.994934,-762.843628,-709.650452,-714.260437,-715.932983,-720.716309,-674.496887,-680.878357,-686.105042,-756.694458,-750.384583,-768.317749,-743.427185,-657.439636
-616.347290,-513.859985,-497.523010,-501.633881,-502.335175,-498.615295,-509.230957,-541.065979,-565.748535,-581.596313,-496.930267,-500.055878,-496.905823,-552.781738,-565.056519,-559.066895,-547.514160,-578.602112,-567.081909,-543.723694,-482.183777,-484.199402,-508.790161,-555.600952,-606.337280,-532.325439,-475.662170,-493.136200
2497.943604,2422.547607,2415.420898,2398.160645,2409.662598,2427.710449,2494.302490,2405.624023,2455.585693,2452.318604,2454.430420,2464.052002,2485.494873,2369.156250,2420.216064,2435.231689,2457.668457,2472.643311,2458.097656,2432.763184,2443.882324,2451.085205,2462.992188,2388.843506,2463.538574,2406.687012,2408.645508,2418.219971
-243.971863,-283.287964,-320.285492,-428.002228,-426.354004,-423.061829,-441.016205,-370.495056,-221.245453,-287.716064,-419.969391,-417.396484,-451.389801,-390.202362,-404.234344,-454.780304,-426.565643,-358.398285,-375.476227,-362.598541,-439.302551,-452.449249,-444.907349,-370.903687,-353.941956,-350.847107,-347.113953,-419.226257
65.914917,-240.808929,-308.809357,-535.101318,-539.125244,-537.152161,-541.983887,-349.337158,44.029655,4.797874,-534.675598,-538.060120,-532.354797,-467.173584,-386.989990,-136.235535,-69.493652,-353.910461,-165.399841,-324.156952,-516.944580,-519.090759,-526.426392,-445.815338,-97.153648,-97.859009,-255.191116,-516.467285
2336.565674,2367.301270,2396.537354,2537.070312,2536.828613,2547.651367,2537.291260,2319.666748,2378.224121,2299.717285,2548.954834,2548.851318,2547.360840,2397.732910,2321.635986,2285.222900,2144.683594,2289.773193,2232.967773,2298.819580,2498.079102,2506.170898,2503.952148,2395.331787,2195.421143,2284.459229,2426.521240,2515.136963
-713.415955,-728.415466,-726.078369,-734.554138,-740.926941,-744.342468,-757.170837,-772.659790,-751.165405,-747.252930,-755.258545,-751.386658,-762.218018,-755.087219,-758.887817,-753.148193,-724.873230,-733.695007,-738.041748,-741.699341,-772.667236,-776.926147,-767.888855,-744.628174,-754.860291,-745.521545,-735.956238,-722.665710
-879.323120,-873.256714,-857.172485,-880.675537,-876.052124,-865.086182,-877.060181,-884.493652,-898.691528,-883.859070,-871.602295,-871.319092,-856.005493,-878.824951,-871.143555,-876.496948,-871.591553,-872.385498,-872.154907,-876.997070,-870.237610,-867.384521,-860.359497,-877.973755,-878.282776,-869.483215,-866.606689,-868.930542
2492.946777,2472.324951,2465.974609,2475.159912,2480.242432,2486.049316,2491.978516,2479.321289,2465.102051,2466.183350,2491.595459,2492.875244,2495.755127,2456.183105,2460.272705,2467.611084,2475.184814,2472.056885,2468.724121,2463.492676,2478.281250,2482.665771,2479.229980,2475.713623,2477.145508,2461.740479,2456.197754,2463.125000
189.572388,-373.364197,-353.224884,-348.004974,-349.020050,-350.584167,-354.817322,-240.871063,198.374695,49.407135,-359.160889,-356.376770,-361.027374,-294.997894,-290.260895,-226.032684,-228.033630,-35.147705,-282.489044,-393.066895,-369.252686,-374.987579,-361.630463,-265.027039,-247.559097,-445.363281,-389.104553,-348.143738
70.099983,-638.226440,-696.860596,-907.030762,-908.269653,-904.168945,-906.345337,-654.466553,74.348228,-29.921921,-905.893555,-907.930176,-907.219360,-855.298218,-706.204407,-433.954102,-172.016281,-559.190369,-306.112793,-684.092651,-906.442932,-906.715576,-912.831055,-823.211060,-119.563683,-412.578186,-646.077881,-907.885742
2507.199219,2519.627197,2504.876953,2497.392334,2496.326416,2501.425781,2495.859619,2533.229248,2365.193115,2403.771729,2515.927979,2515.491699,2511.610352,2492.157471,2529.069580,2381.774170,2309.972656,2396.007568,2476.220459,2492.443604,2463.226318,2466.194824,2463.398438,2482.689209,2357.023193,2581.131592,2534.463623,2498.844971
0.000000,0.000000,0.000000,0.000000,0.000000,0.000000,0.000000,0.000000,0.000000,0.000000,0.000000,0.000000,0.000000,0.000000,0.000000,0.000000,0.000000,0.000000,0.000000,0.000000,0.000000,0.000000,0.000000,0.000000,0.000000,0.000000,0.000000,0.000000
0.000000,0.000000,0.000000,0.000000,0.000000,0.000000,0.000000,0.000000,0.000000,0.000000,0.000000,0.000000,0.000000,0.000000,0.000000,0.000000,0.000000,0.000000,0.000000,0.000000,0.000000,0.000000,0.000000,0.000000,0.000000,0.000000,0.000000,0.000000
0.000000,0.000000,0.000000,0.000000,0.000000,0.000000,0.000000,0.000000,0.000000,0.000000,0.000000,0.000000,0.000000,0.000000,0.000000,0.000000,0.000000,0.000000,0.000000,0.000000,0.000000,0.000000,0.000000,0.000000,0.000000,0.000000,0.000000,0.000000
0.000000,0.000000,0.000000,0.000000,0.000000,0.000000,0.000000,0.000000,0.000000,0.000000,0.000000,0.000000,0.000000,0.000000,0.000000,0.000000,0.000000,0.000000,0.000000,0.000000,0.000000,0.000000,0.000000,0.000000,0.000000,0.000000,0.000000,0.000000
0.000000,0.000000,0.000000,0.000000,0.000000,0.000000,0.000000,0.000000,0.000000,0.000000,0.000000,0.000000,0.000000,0.000000,0.000000,0.000000,0.000000,0.000000,0.000000,0.000000,0.000000,0.000000,0.000000,0.000000,0.000000,0.000000,0.000000,0.000000
0.000000,0.000000,0.000000,0.000000,0.000000,0.000000,0.000000,0.000000,0.000000,0.000000,0.000000,0.000000,0.000000,0.000000,0.000000,0.000000,0.000000,0.000000,0.000000,0.000000,0.000000,0.000000,0.000000,0.000000,0.000000,0.000000,0.000000,0.000000
-853.338745,-729.490967,-715.945923,-535.036438,-527.090271,-518.195740,-526.445435,-772.623169,-933.094482,-915.450867,-486.040283,-483.676575,-533.895874,-736.778564,-808.742004,-816.346985,-858.673828,-810.328613,-799.589966,-733.056335,-534.032837,-537.519836,-559.240906,-730.472961,-857.949646,-778.362488,-713.384705,-548.993042
195.365433,300.384583,310.216309,293.359802,290.122498,292.409332,289.473145,279.101715,185.129669,206.063110,299.674622,296.401611,300.013794,253.293137,259.094391,263.643066,255.743378,225.125916,244.209167,286.589996,311.830139,310.778046,302.164062,269.590332,206.424652,283.634430,315.715027,306.736084
2495.038818,2526.763916,2533.255371,2568.727295,2569.987549,2571.640381,2583.583496,2504.644531,2450.500488,2461.676270,2565.030029,2566.254883,2576.009033,2510.500244,2491.103271,2500.490967,2497.203613,2480.897705,2486.815918,2494.089600,2559.458984,2553.963623,2535.081787,2483.031982,2506.977783,2542.260986,2560.171631,2578.995361
143.634491,144.032196,144.066483,144.498016,144.534424,144.569351,145.334991,146.103546,146.634918,146.703796,147.702866,147.737320,148.274216,148.902908,149.034760,149.070282,149.139252,149.642059,149.673172,149.802063,150.541367,150.611847,151.310684,151.938660,152.476822,152.777039,152.979248,153.474548
