19,37
4.000000,-1.000000,7.000000,-1.000000,7.000000,-1.000000,7.000000,-1.000000,7.000000,-1.000000,5.000000,-1.000000,5.000000,-1.000000,5.000000,-1.000000,5.000000,-1.000000,7.000000,-1.000000,0.000000,8.000000,-1.000000,0.000000,7.000000,0.000000,-1.000000,4.000000,-1.000000,7.000000,-1.000000,7.000000,0.000000,-1.000000,5.000000,-1.000000,5.000000
17.102449,15.963957,45.367279,46.619835,41.513977,41.542126,40.703579,39.476151,37.957577,34.351887,10.004706,19.501810,26.152950,22.202276,23.468634,22.987873,23.791391,22.911840,41.633072,39.464954,27.626287,24.291929,18.006437,15.619131,10.952223,8.092671,44.474689,42.350670,46.404316,37.955811,37.052296,25.883913,18.136093,16.272511,17.115021,18.659752,25.892057
48.437199,46.706535,27.883902,31.936386,29.275745,31.214367,33.136040,34.190212,38.890526,33.637684,9.121561,7.370810,11.260070,11.728219,12.506104,12.169266,12.083543,12.114988,32.289558,37.991001,38.078289,37.543777,35.203533,34.078899,32.234524,21.369049,30.827639,51.606342,59.303623,40.491234,41.576336,51.358959,33.061031,25.364071,9.599334,9.803333,9.089299
74.340950,75.126175,60.779640,71.511971,74.151047,77.204430,77.086830,80.493233,88.473907,-122.295700,-80.060532,-72.553917,-64.508965,-69.111420,-68.265129,-67.966393,-67.461601,-68.061562,74.382401,83.503426,63.427349,66.577026,72.591553,74.686378,79.475067,82.610725,-46.674992,49.803959,48.297745,83.282021,87.408569,98.703568,105.010765,104.688820,-84.650200,-84.447365,-65.723152
60.554230,45.773884,-99.194244,-106.514839,-99.177536,-102.001953,-104.455612,-106.403381,-112.449173,-89.313652,98.386497,-96.922264,-98.041817,-97.978104,-98.155396,-98.328415,-98.391838,-99.011826,-94.393578,-106.098915,65.033730,66.022903,67.656189,68.754639,68.260231,74.581680,75.931023,67.937531,64.925056,-108.235352,-111.521736,-133.937256,122.293884,113.325249,99.141281,-99.790520,-98.793549
23.512356,20.259142,30.991154,35.807339,30.543121,35.279106,34.899319,32.468082,32.093082,43.651726,16.967093,13.815519,11.409158,12.135377,12.075694,10.860367,10.454664,11.526648,35.647305,35.712917,15.437607,10.522034,48.230740,5.749889,6.676469,17.623497,20.441553,23.975231,23.792381,33.474148,32.289970,31.283722,30.417564,30.831203,22.177555,21.121828,22.290802
12.247398,20.063868,30.991159,35.807343,30.424597,31.383532,34.899334,29.847315,32.093082,43.651714,12.389145,16.768517,21.148943,20.988594,22.532181,21.853580,21.462786,20.777950,38.090141,35.579071,22.786179,90.218880,48.230740,43.867947,37.840683,18.132288,23.022303,20.161949,16.809828,33.474171,32.289986,31.283728,30.417564,30.831198,21.849157,18.603720,13.283247
-66.918472,-73.058083,62.258827,54.589794,59.607716,-54.747013,-55.114384,-57.572155,-59.477997,-110.855743,73.431221,81.640221,92.197472,91.129105,92.890999,91.106987,90.292709,88.415092,54.792568,-54.732414,92.829529,84.634476,-61.165356,-84.262367,-86.855759,-73.217102,76.780052,66.890228,-66.212540,-57.578686,-59.902508,-66.809311,-87.532944,-95.933220,69.572762,74.869652,79.210632
102.143349,84.734016,-62.258820,-54.589775,-60.695335,-59.809383,55.114376,-60.565910,59.477997,110.855743,-101.370712,-106.270966,111.148949,-110.988510,112.531822,-111.853310,111.462776,-110.763702,-54.173843,-54.431263,-91.409073,45.960285,61.165356,64.373383,74.545715,107.007393,-109.414780,-106.825317,-105.860115,57.578678,59.902508,66.809303,87.532936,95.933228,-103.819344,-106.120949,-102.632614
52.212959,38.861614,-7.563614,-6.813307,-2.945037,-2.651218,-2.386878,-1.740801,-1.566855,0.675217,32.417046,63.516621,55.970245,52.330532,54.261879,52.441414,54.428082,53.980785,-1.164157,-0.687280,8.470763,8.829485,8.030989,7.600083,6.658085,3.350475,101.519958,98.572388,105.836052,-12.299401,-11.035405,-1.460051,-1.181840,-1.063673,57.035271,64.186867,71.300453
52.339527,73.837944,91.791145,92.696381,91.419579,91.357094,91.280174,90.981354,91.078743,-89.972229,61.731071,30.994238,35.908722,39.968563,39.166897,41.180347,39.675232,39.266727,90.647469,90.447777,-83.143234,-83.138191,-84.209023,-84.736740,-85.526932,-88.666695,40.571148,55.909855,59.113930,99.631119,99.386475,91.437004,-91.065979,-90.894867,38.082970,28.418434,26.062449
113.100082,89.542900,24.244967,27.504351,24.305374,27.854979,29.304804,30.355902,34.276535,20.416399,1.835577,0.989920,0.228141,0.081565,0.062557,0.044235,0.044235,0.034264,34.864586,40.915119,59.752728,70.346146,74.628265,74.724236,75.710014,94.038734,133.051682,119.313080,113.356064,36.700363,30.214315,-74.079002,-67.457306,-62.655502,14.307591,12.953539,8.655873
-26.445063,-13.758385,66.080162,-62.500000,66.560028,62.779221,61.163239,60.142754,55.745693,76.319679,88.165604,89.220795,89.842850,89.945290,89.956268,89.966034,89.968826,89.970978,55.138588,-49.111809,-35.990479,-29.199148,-17.307856,15.287196,19.102180,34.687794,44.582996,29.313147,-23.863020,53.648582,-59.850243,-99.748268,154.217026,142.986664,-83.141106,-80.264191,-82.493156
28.890491,26.887896,-19.300871,-17.976706,-17.392382,-17.071123,16.721579,-14.797725,-14.388982,-16.335184,12.483659,11.143358,8.334349,9.980893,9.981327,11.984247,11.575663,11.271013,-12.175972,-12.688993,7.736926,16.660891,21.329971,12.355595,5.676233,22.374790,13.230393,24.095661,26.106005,-14.908513,-14.661515,10.405580,-22.528849,-27.338987,12.868114,12.557258,10.694206
-61.795712,-67.617203,-95.254921,-97.083069,-95.803818,-91.174690,-89.856461,-95.796265,-96.185219,-101.005013,-86.380661,-82.906754,-86.125679,-84.906029,-85.795364,-84.127014,-84.336418,-82.579285,-90.667236,-90.919609,-82.280067,-74.115700,-71.371315,-79.429199,-87.277328,-72.803284,76.840172,66.018143,-63.988731,-92.989288,-94.396996,-87.328644,-96.668587,-105.636650,-83.471352,-81.788422,-82.248161
38.544662,79.150703,-19.300871,-17.976685,-13.725621,-11.602166,16.721579,-11.140990,-14.388982,-16.335184,-4.711935,-2.497635,3.963880,4.253305,4.078519,6.151508,7.106387,8.126129,-5.214437,-7.205819,-5.895247,64.504562,21.329971,25.816948,35.487339,10.740064,3.471359,8.925505,19.392105,-14.908527,-14.661529,10.405561,-22.528856,-27.338978,-12.485002,-15.116770,-10.358031
68.059036,44.984608,95.254936,97.083054,96.904305,97.798073,89.856461,96.304916,96.185211,101.005013,90.510223,-91.603500,88.318687,88.760651,89.155449,87.415443,86.232300,85.475792,91.144295,91.343582,-90.341583,38.504070,71.371307,67.164360,60.949001,86.627907,-88.670479,83.603477,79.344864,92.989273,94.396988,87.328644,96.668579,105.636650,-98.643410,-102.843941,-99.164536
-96.499908,-115.544121,-144.214249,-139.167419,-142.499237,-140.155502,-140.808685,-139.568268,-132.962936,67.323769,68.375404,40.561317,39.778759,40.739540,41.297649,44.053272,45.062172,46.552685,-142.452942,-138.135849,85.217430,86.750923,86.189621,84.098358,84.697983,70.735619,66.141823,88.733681,-96.755989,-139.041077,-134.360168,-128.370117,-112.085121,-109.250977,62.606880,45.514240,33.274902
280.950026,281.050598,281.588207,281.618073,281.886470,281.918146,281.952790,282.050104,282.083732,282.357609,283.321861,283.524393,283.983374,284.319664,284.390660,284.491062,284.523309,284.556260,285.924080,286.090797,286.724618,286.787009,286.886282,286.922901,286.990831,287.263994,288.456678,288.560398,288.590680,289.190313,289.224409,289.860557,289.925895,289.957514,290.497565,290.531537,290.662592
