62,48
0.000000,7.000000,0.000000,7.000000,5.000000,7.000000,5.000000,-1.000000,5.000000,7.000000,0.000000,-1.000000,3.000000,-1.000000,5.000000,-1.000000,7.000000,-1.000000,7.000000,-1.000000,7.000000,-1.000000,7.000000,-1.000000,7.000000,-1.000000,7.000000,0.000000,7.000000,0.000000,7.000000,0.000000,7.000000,0.000000,-1.000000,3.000000,-1.000000,8.000000,-1.000000,8.000000,-1.000000,8.000000,-1.000000,7.000000,-1.000000,7.000000,-1.000000,7.000000
216.965469,182.464203,148.986160,-12.698888,-375.527039,-442.518677,-484.620605,-592.109741,-657.427734,-618.420898,-638.617615,-342.678680,-302.663452,-281.477295,-96.862854,5.805313,245.519897,412.000763,371.076233,339.312134,261.125458,45.614700,-281.361023,-406.830811,-434.119629,-496.738708,-537.796387,-693.477234,-693.449768,-694.655029,-635.873169,-611.777466,-574.811340,-536.402588,-348.611359,-288.930603,-274.861206,-250.440933,-243.668396,-245.156250,-228.549942,-212.928650,-174.642365,143.242401,156.809662,110.628876,-25.270325,-121.677711
414.132111,437.091064,448.642151,441.799072,373.762573,364.865967,361.244843,354.833008,344.189697,362.513550,352.051178,366.217529,422.659851,412.242279,369.895386,394.512878,393.678955,339.682709,323.618835,324.258698,365.253357,465.776703,421.243103,378.994537,373.574829,371.872314,358.987183,340.259552,365.070374,329.426819,287.820190,293.921265,295.791290,307.648743,394.478180,429.815063,414.684937,332.241974,301.674683,291.436798,261.737823,261.713776,288.667725,413.376007,429.266785,435.285339,411.135529,412.141724
2809.906006,2804.859863,2791.335449,2782.594482,2847.951172,2839.900635,2832.483154,2820.634277,2785.593018,2786.111816,2756.020508,2747.782715,2810.121094,2862.609131,2900.626221,2902.891846,2873.477051,2834.376709,2893.880127,2890.503418,2876.413086,2844.783447,2880.513916,2856.604736,2847.134277,2839.500244,2828.383545,2772.230713,2787.419189,2767.156494,2768.958984,2765.611328,2759.996094,2749.577148,2780.490479,2848.932617,2874.311035,2930.581787,2934.216309,2942.381104,2946.340332,2940.655273,2933.195801,2940.492432,2816.794189,2804.037109,2784.101562,2803.108887
42.281384,24.891846,8.854919,28.278786,-121.552177,-180.931534,-220.222900,-323.130432,-392.902466,-353.893555,-379.708191,-408.004120,-440.712372,-463.065552,-299.930054,-230.392120,-20.613548,148.410324,105.365768,82.457138,43.376698,-24.608452,-87.202843,-197.024429,-218.555969,-269.081116,-297.213531,-424.127838,-418.544373,-430.547272,-392.591095,-380.952911,-369.838318,-367.190460,-435.448395,-447.741791,-454.139038,-441.284180,-421.267578,-416.560333,-391.485291,-379.118896,-351.203308,-112.671440,36.711910,37.031509,49.587051,24.432301
313.551575,330.314972,341.923645,331.849670,324.557983,324.183899,314.444489,301.083099,314.093811,329.137207,342.720367,288.755005,277.299683,228.591339,169.802338,231.726578,319.118225,305.409302,245.841492,241.875916,263.021057,329.064636,352.586212,350.789673,351.626740,351.859741,339.312378,324.653778,344.023193,320.808838,274.727325,276.483124,284.394897,294.220703,310.502655,286.806702,245.741180,122.702057,78.651917,62.963871,26.602264,28.976479,64.819824,312.145142,331.886780,330.613708,312.020264,324.640869
3015.101318,3022.226074,3021.204590,3032.142822,2981.338379,2961.816162,2945.826416,2919.797363,2901.817139,2903.133789,2890.294922,3011.236816,3019.631836,2990.820068,2960.665771,2953.392822,2965.349121,2954.408936,2985.604736,2999.800293,3036.146973,3089.057861,3086.810303,3057.282471,3042.271484,3020.561279,2990.566650,2877.904053,2878.607666,2891.009033,2928.051758,2941.361816,2963.019531,2980.614746,3035.592529,3038.637695,3018.661621,2956.962158,2954.139160,2955.116943,2952.597168,2953.389160,2957.919922,3019.079834,3056.425537,3057.339844,3038.394043,3032.074219
122.444633,100.199646,79.377480,13.225582,-232.330185,-295.242828,-329.170441,-431.007416,-511.903870,-473.744202,-509.986908,-440.888977,-468.240540,-489.777283,-324.420197,-214.768677,65.509308,257.844177,203.305008,178.416214,125.553650,2.069869,-202.047363,-324.009125,-347.096039,-402.523041,-428.534271,-553.741821,-547.136414,-560.061584,-526.050354,-515.539185,-505.917999,-497.152161,-457.043060,-466.735870,-477.091156,-490.792419,-489.112823,-490.584595,-473.152496,-455.496643,-413.787292,-49.776703,99.269920,77.649155,18.913538,-34.712818
553.422668,570.877075,581.646973,574.808289,556.775513,554.349365,547.997559,536.496704,542.205811,556.628723,559.093750,519.989807,528.378418,484.677277,425.496460,488.272736,563.233643,538.716431,484.024353,481.738892,506.533844,576.670105,580.715210,568.106445,566.982666,566.661011,556.047668,543.430603,566.576782,538.443237,490.673553,490.379333,493.413574,500.966675,547.025757,536.645142,500.644897,372.677673,322.516663,302.285645,258.996887,264.094086,304.807770,560.816467,569.573730,572.167480,553.955933,563.653748
3001.102783,3004.816895,2993.680420,2993.257324,2965.244385,2942.202148,2927.291992,2915.250000,2867.298828,2879.102783,2845.018555,2924.624512,2975.636963,2992.324951,3004.912842,2993.519287,2951.190430,2911.550537,3002.266602,3016.336426,3039.398926,3068.815430,3068.801025,3016.216064,2998.738037,2986.600830,2960.227539,2853.805420,2859.876709,2843.921143,2881.147461,2896.443359,2904.216309,2908.649658,2953.861328,3001.438721,3006.107178,3005.776123,3007.562500,3018.957764,3028.819580,3028.817139,3030.265381,3030.536133,3017.777832,3011.901855,2986.650146,2989.371094
141.250290,110.902267,81.205788,-4.206657,-264.969238,-327.430267,-374.567566,-484.388824,-538.944092,-499.333496,-507.930023,-309.345276,-270.937866,-249.687027,-65.956566,-4.186942,162.021057,301.299500,276.624939,246.088379,185.034637,20.344635,-170.438797,-279.383301,-304.894318,-361.923920,-405.025970,-563.167603,-564.498596,-564.920837,-508.016663,-483.416321,-445.045227,-412.629181,-327.186279,-268.900665,-248.101074,-197.223328,-174.006607,-169.688599,-146.102478,-135.543396,-111.080528,80.872032,95.421417,71.051460,6.868572,-61.544147
166.684601,188.204926,199.130417,188.989990,139.066467,132.597748,126.313339,117.885811,115.154358,132.723419,132.312256,126.741188,169.051910,155.037003,114.570381,137.160339,148.409927,108.389130,81.780930,82.022018,117.330231,208.269379,186.921417,157.009033,153.272858,152.905457,138.523987,117.809395,140.316605,109.570244,67.437943,73.646484,80.381958,93.371216,152.210754,175.701141,158.596786,84.523880,58.531658,52.510014,28.535782,26.413895,48.037533,162.930893,181.803345,184.625244,160.881866,165.366364
2825.761719,2822.746582,2816.598389,2822.174316,2868.427002,2863.837891,2853.471680,2828.959473,2819.654541,2813.627930,2805.834717,2836.849854,2855.733398,2863.443359,2861.096191,2866.576172,2894.203613,2879.565918,2878.903320,2876.345703,2875.011719,2863.889160,2904.074707,2904.156250,2897.470703,2880.547852,2865.412354,2804.494629,2809.196777,2819.031006,2821.402832,2815.489258,2822.194336,2824.346191,2864.185791,2889.368652,2890.195801,2883.636230,2883.237305,2880.982422,2872.431152,2867.760742,2864.623535,2935.958008,2855.162598,2847.928467,2834.580322,2848.250000
93.265427,64.599342,35.767429,-1.970193,-194.619690,-253.881760,-306.718414,-419.417847,-462.395416,-422.051239,-418.342773,-265.611816,-217.434418,-188.951492,-2.479767,25.886375,120.748718,232.452850,224.267120,194.272614,144.536133,6.239026,-90.443802,-185.245789,-209.855469,-263.240234,-309.439636,-475.004700,-478.888458,-477.105377,-418.756836,-392.145111,-349.295135,-316.464478,-291.454590,-224.587372,-193.599579,-114.847336,-77.013168,-67.998642,-38.807266,-32.843445,-20.620331,57.526970,52.977875,42.637764,26.857151,-24.302544
-64.796204,-43.564880,-33.366516,-47.033905,-87.839783,-93.210190,-101.147766,-110.518692,-109.109901,-91.792015,-85.945450,-100.402832,-61.624802,-72.894211,-108.661133,-92.579163,-85.028786,-117.462288,-147.735596,-146.933594,-113.882408,-27.502716,-36.464005,-60.498520,-63.548340,-62.885254,-78.898300,-102.198845,-81.118912,-108.918495,-150.867126,-143.826263,-133.136108,-118.715378,-76.221489,-56.545769,-71.349098,-131.179199,-150.289261,-151.463776,-168.807922,-173.434616,-158.490326,-72.077118,-50.298996,-50.157593,-73.284103,-67.699707
2809.043457,2805.789062,2805.211914,2823.657471,2867.785645,2868.415039,2856.367920,2821.523926,2835.291016,2822.650146,2834.333740,2883.974121,2868.294434,2843.840820,2811.936279,2821.694092,2900.353027,2905.695557,2849.395508,2844.568115,2847.500977,2844.158936,2894.774902,2919.846924,2916.860107,2892.859619,2877.374512,2820.223145,2816.597900,2851.247803,2848.606689,2837.126709,2850.699951,2861.419189,2905.852295,2900.797363,2883.743896,2832.660156,2829.192139,2817.635498,2797.567871,2792.926514,2792.284668,2919.439453,2855.730469,2853.397461,2843.783936,2857.517822
212.488876,171.653671,131.214645,-30.436333,-368.178040,-432.389099,-486.708344,-602.897278,-643.050781,-602.968262,-595.051514,-221.086487,-122.941231,-65.253784,135.446426,181.952667,302.429138,412.334076,405.790619,368.311615,291.100281,54.133266,-222.747528,-328.432190,-357.046204,-418.635620,-475.654358,-660.060608,-667.111816,-657.375671,-584.845581,-548.789795,-486.236145,-430.459229,-233.230774,-114.342918,-69.804474,17.679138,45.922714,50.960831,74.432571,82.717407,102.143906,235.390198,135.186218,93.907684,-23.699589,-124.628632
3.850922,28.978546,39.322357,29.345123,-54.214935,-65.448685,-69.288208,-73.854156,-88.556175,-68.965073,-79.577072,-47.604965,37.872879,52.208603,27.244949,14.981079,-34.128677,-94.073204,-94.601013,-91.112938,-45.071075,65.738922,10.320358,-41.249557,-48.561798,-49.225006,-65.305313,-91.476921,-66.708237,-103.036171,-141.928619,-131.992188,-125.522255,-109.669174,-19.916321,42.728577,45.310120,14.330688,4.089264,7.103165,-5.389038,-11.600067,-2.847092,-1.720459,16.358780,22.759521,-6.344223,-7.617432
2668.996094,2658.111328,2648.641602,2650.302490,2776.632812,2785.219727,2779.209229,2753.881836,2755.916992,2742.615967,2742.689697,2704.405762,2724.886230,2756.503418,2771.156494,2788.325928,2837.635254,2823.782471,2786.732910,2770.510986,2739.985840,2677.556396,2754.199707,2782.890869,2783.616943,2769.270264,2765.324707,2747.620605,2754.162354,2766.710693,2739.993896,2717.857178,2715.061768,2705.773682,2734.807861,2769.106934,2784.066650,2814.340820,2815.401611,2808.796143,2793.219238,2784.072021,2775.093750,2864.820312,2691.700195,2676.939941,2672.041748,2700.299072
0.000000,0.000000,0.000000,0.000000,0.000000,0.000000,0.000000,0.000000,0.000000,0.000000,0.000000,0.000000,0.000000,0.000000,0.000000,0.000000,0.000000,0.000000,0.000000,0.000000,0.000000,0.000000,0.000000,0.000000,0.000000,0.000000,0.000000,0.000000,0.000000,0.000000,0.000000,0.000000,0.000000,0.000000,0.000000,0.000000,0.000000,0.000000,0.000000,0.000000,0.000000,0.000000,0.000000,0.000000,0.000000,0.000000,0.000000,0.000000
0.000000,0.000000,0.000000,0.000000,0.000000,0.000000,0.000000,0.000000,0.000000,0.000000,0.000000,0.000000,0.000000,0.000000,0.000000,0.000000,0.000000,0.000000,0.000000,0.000000,0.000000,0.000000,0.000000,0.000000,0.000000,0.000000,0.000000,0.000000,0.000000,0.000000,0.000000,0.000000,0.000000,0.000000,0.000000,0.000000,0.000000,0.000000,0.000000,0.000000,0.000000,0.000000,0.000000,0.000000,0.000000,0.000000,0.000000,0.000000
0.000000,0.000000,0.000000,0.000000,0.000000,0.000000,0.000000,0.000000,0.000000,0.000000,0.000000,0.000000,0.000000,0.000000,0.000000,0.000000,0.000000,0.000000,0.000000,0.000000,0.000000,0.000000,0.000000,0.000000,0.000000,0.000000,0.000000,0.000000,0.000000,0.000000,0.000000,0.000000,0.000000,0.000000,0.000000,0.000000,0.000000,0.000000,0.000000,0.000000,0.000000,0.000000,0.000000,0.000000,0.000000,0.000000,0.000000,0.000000
239.793228,181.677170,174.232758,-31.368076,-377.390259,-439.522308,-483.888702,-592.778564,-657.645081,-645.174866,-667.002930,-244.170349,-186.446106,-130.201263,-85.035606,9.486176,362.009094,521.554688,456.443848,421.061279,284.319794,9.672913,-318.848450,-516.584900,-538.678406,-571.703247,-602.636475,-777.035950,-777.661194,-727.724365,-616.900757,-561.532471,-522.171753,-469.591217,-255.570816,-208.135040,-143.000351,-36.525894,-16.126053,-0.082916,16.737350,32.968277,47.979156,296.807678,130.905792,85.734589,-41.863396,-131.062576
150.363861,169.028839,41.443420,162.923553,91.554169,-14.982819,80.295288,72.948822,61.976593,27.542053,90.691803,126.394562,196.422089,230.556244,88.899200,112.425140,156.056625,70.322174,61.239258,67.385651,125.636063,190.491730,87.596222,126.546432,129.389740,96.112762,100.250519,91.785309,130.065475,58.146820,31.783600,45.553741,50.141876,58.862427,142.624817,221.252914,242.828140,216.798889,206.530334,198.042725,195.685608,197.398621,201.362244,212.926895,153.397125,157.236969,130.047394,130.221619
2712.167236,2716.600586,2659.258545,2743.509277,2846.334229,2794.836914,2805.753418,2806.903809,2783.758057,2775.100098,2693.044434,2671.391357,2649.866943,2653.366943,2877.196289,2895.104736,2677.776611,2723.999268,2716.251709,2709.430420,2729.126709,2794.048340,2878.135254,2807.922363,2801.102295,2782.024658,2776.314941,2712.832031,2783.159668,2697.403320,2687.424316,2688.407959,2683.898193,2680.896973,2690.674316,2660.362793,2672.939941,2749.890869,2763.258789,2763.018555,2751.140869,2738.426270,2745.833984,2760.208496,2763.197998,2762.600098,2765.080078,2794.126465
42.280643,24.891106,8.854179,28.278046,-61.252842,-126.764099,-174.847717,-266.369141,-348.341888,-269.068420,-337.116669,-375.990967,-429.809204,-457.438324,-299.888702,-230.379166,-20.612926,31.256142,-7.962746,-50.550858,-26.729275,-34.046333,-7.581787,-114.061562,-162.609665,-233.282318,-260.997223,-414.849396,-415.515472,-357.818634,-296.997345,-289.118378,-329.898865,-330.384705,-418.871399,-443.023712,-451.090729,-440.274139,-420.619904,-416.041901,-391.219666,-378.948883,-351.116241,-112.669670,36.711742,37.031342,49.586884,24.432133
31.332275,48.095673,59.704346,49.630371,2.379486,15.366089,29.706421,48.834061,57.659363,23.036957,64.221283,9.217499,-4.630615,-53.552124,-112.416931,-50.492722,36.898926,33.249634,9.246002,4.317963,3.881989,49.691864,0.856873,27.230591,75.687012,72.219025,115.563370,42.633240,61.825317,40.769653,-5.795380,-1.106567,13.623199,23.525970,29.557556,4.675323,-36.442108,-159.513275,-203.565704,-219.254395,-255.616730,-253.242645,-217.399353,29.925903,49.667542,48.394470,29.801025,42.421631
3015.101318,3022.226074,3021.204590,3032.142822,2954.572510,2948.897705,2938.017822,2905.152100,2897.689697,2911.826416,2884.272949,3033.183105,3026.272949,2994.149658,2960.689697,2953.400635,2965.349854,2949.464355,3023.259766,3074.115479,3123.208984,3127.909912,3124.387451,3085.131104,3061.635498,3033.490723,3008.577148,2883.002197,2880.300781,2913.738037,3001.239746,3040.436523,3055.380371,3051.448242,3056.633789,3043.864014,3021.980957,2958.039551,2954.827637,2955.667480,2952.878662,2953.569336,2958.011963,3019.081787,3056.425537,3057.339844,3038.394043,3032.074219
353.282623,323.135803,310.249298,156.045135,-312.053528,-327.833344,-371.159210,-513.464783,-631.376648,-613.295227,-398.896881,-101.358658,29.795624,132.953644,21.082466,69.736153,571.480957,637.906921,550.193726,533.932617,413.742554,125.120193,-251.062744,-561.606323,-574.743652,-587.701294,-584.318787,-612.687744,-617.047058,-462.731171,-366.606689,-321.460144,-291.462097,-260.758423,-80.343002,32.610748,119.382431,232.902084,252.002396,266.814331,280.859070,299.687012,304.167084,497.352234,247.564560,194.051407,39.653458,-72.626038
-2.435623,7.809036,-86.448936,-24.952225,-182.855499,-223.839600,-164.442184,-188.909027,-217.116272,-205.725769,156.856079,270.282318,234.247620,188.856262,-142.275986,-151.531982,-60.485947,-210.672943,-203.750366,-194.918365,-111.462143,-67.029602,-156.364258,-125.162979,-123.939255,-122.038467,-89.405029,297.396698,264.206360,90.887260,144.954376,165.938538,175.979553,189.267303,251.475128,211.259140,195.819748,128.637161,122.339157,119.642967,143.600754,143.624512,121.278198,9.834015,-103.451508,-103.361481,-139.474701,-144.887543
2920.542236,2900.027344,2860.604248,2839.564697,2837.608398,2717.089355,2721.864258,2737.916992,2752.766846,2720.991455,2679.847412,2872.390625,2847.746826,2782.552246,2754.947998,2815.456543,2630.332520,2787.906250,2845.924316,2827.180664,2810.869141,2792.531250,2776.508545,2693.364258,2684.844482,2618.410889,2588.703125,2643.833984,2648.931641,2664.225098,2746.564453,2768.245361,2781.730713,2794.800537,2884.957275,2812.493652,2780.329834,2722.804443,2722.303223,2713.264160,2669.748535,2665.214355,2663.107666,2725.071289,2771.392578,2760.700684,2746.093018,2770.727051
42.351311,24.955145,8.912281,28.317829,-24.637943,-104.097183,-153.090408,-285.302429,-341.095642,-205.097214,-298.582825,-273.798950,-368.272491,-412.585083,-295.553619,-227.823181,-19.722443,180.687836,87.560242,56.184959,91.371262,63.669594,73.978691,-62.882076,-119.197128,-196.279144,-224.590744,-391.481506,-401.449554,-297.699463,-182.011444,-152.637939,-138.011078,-165.741104,-321.947601,-393.186890,-411.146210,-417.187531,-402.041931,-399.369873,-379.153717,-369.212921,-344.051025,-111.504189,36.769558,37.083824,49.626534,24.462395
-250.886688,-234.123291,-222.514618,-232.588562,-245.438507,-127.586029,-53.146141,165.573700,81.704483,-240.194061,-202.283020,-205.354767,-262.594543,-322.790802,-394.509277,-332.667664,-245.314911,-136.460297,-167.179245,-200.819031,-221.666306,-209.847717,-244.648682,-241.677826,-176.567703,-190.206024,-99.664993,-237.299347,-219.595673,-239.971649,-232.937363,-195.969452,-159.492752,-160.867462,-216.758957,-267.203827,-311.859344,-439.352936,-484.222748,-500.207916,-537.163086,-535.020264,-499.383850,-252.286743,-232.551422,-233.824493,-252.417908,-239.797302
3015.025879,3022.158203,3021.143555,3032.102783,2769.609375,2686.791992,2652.487061,2677.969482,2628.763672,2795.641602,2741.575684,2880.988525,2929.756104,2922.411133,2953.423096,2949.106934,2963.851807,2997.713379,3210.070312,3235.899170,3244.978760,3180.240234,3001.859863,2941.224365,2942.763184,2936.477539,2962.571045,2855.811035,2864.424316,2796.691406,2814.485107,2843.354004,2905.993408,2915.289307,2958.748047,2986.893066,2975.103516,2929.677002,2931.716064,2934.815674,2937.589111,2941.149414,2948.928955,3017.556641,3056.353516,3057.275146,3038.346924,3032.039795
0.000000,0.000000,0.000000,0.000000,0.000000,0.000000,0.000000,0.000000,0.000000,0.000000,0.000000,0.000000,0.000000,0.000000,0.000000,0.000000,0.000000,0.000000,0.000000,0.000000,0.000000,0.000000,0.000000,0.000000,0.000000,0.000000,0.000000,0.000000,0.000000,0.000000,0.000000,0.000000,0.000000,0.000000,0.000000,0.000000,0.000000,0.000000,0.000000,0.000000,0.000000,0.000000,0.000000,0.000000,0.000000,0.000000,0.000000,0.000000
0.000000,0.000000,0.000000,0.000000,0.000000,0.000000,0.000000,0.000000,0.000000,0.000000,0.000000,0.000000,0.000000,0.000000,0.000000,0.000000,0.000000,0.000000,0.000000,0.000000,0.000000,0.000000,0.000000,0.000000,0.000000,0.000000,0.000000,0.000000,0.000000,0.000000,0.000000,0.000000,0.000000,0.000000,0.000000,0.000000,0.000000,0.000000,0.000000,0.000000,0.000000,0.000000,0.000000,0.000000,0.000000,0.000000,0.000000,0.000000
0.000000,0.000000,0.000000,0.000000,0.000000,0.000000,0.000000,0.000000,0.000000,0.000000,0.000000,0.000000,0.000000,0.000000,0.000000,0.000000,0.000000,0.000000,0.000000,0.000000,0.000000,0.000000,0.000000,0.000000,0.000000,0.000000,0.000000,0.000000,0.000000,0.000000,0.000000,0.000000,0.000000,0.000000,0.000000,0.000000,0.000000,0.000000,0.000000,0.000000,0.000000,0.000000,0.000000,0.000000,0.000000,0.000000,0.000000,0.000000
0.000000,0.000000,0.000000,0.000000,0.000000,0.000000,0.000000,0.000000,0.000000,0.000000,0.000000,0.000000,0.000000,0.000000,0.000000,0.000000,0.000000,0.000000,0.000000,0.000000,0.000000,0.000000,0.000000,0.000000,0.000000,0.000000,0.000000,0.000000,0.000000,0.000000,0.000000,0.000000,0.000000,0.000000,0.000000,0.000000,0.000000,0.000000,0.000000,0.000000,0.000000,0.000000,0.000000,0.000000,0.000000,0.000000,0.000000,0.000000
0.000000,0.000000,0.000000,0.000000,0.000000,0.000000,0.000000,0.000000,0.000000,0.000000,0.000000,0.000000,0.000000,0.000000,0.000000,0.000000,0.000000,0.000000,0.000000,0.000000,0.000000,0.000000,0.000000,0.000000,0.000000,0.000000,0.000000,0.000000,0.000000,0.000000,0.000000,0.000000,0.000000,0.000000,0.000000,0.000000,0.000000,0.000000,0.000000,0.000000,0.000000,0.000000,0.000000,0.000000,0.000000,0.000000,0.000000,0.000000
0.000000,0.000000,0.000000,0.000000,0.000000,0.000000,0.000000,0.000000,0.000000,0.000000,0.000000,0.000000,0.000000,0.000000,0.000000,0.000000,0.000000,0.000000,0.000000,0.000000,0.000000,0.000000,0.000000,0.000000,0.000000,0.000000,0.000000,0.000000,0.000000,0.000000,0.000000,0.000000,0.000000,0.000000,0.000000,0.000000,0.000000,0.000000,0.000000,0.000000,0.000000,0.000000,0.000000,0.000000,0.000000,0.000000,0.000000,0.000000
289.839630,257.635925,230.465454,44.581406,-604.497437,-661.841431,-696.738403,-738.305237,-757.720398,-735.148132,-756.349609,-10.885788,340.054718,356.199554,220.085266,553.512817,522.579590,553.964417,501.010681,454.174652,353.710510,172.787064,-295.129639,-646.402283,-664.739807,-709.460693,-743.874023,-825.866760,-778.516602,-805.314209,-731.935791,-698.050232,-639.535828,-572.250000,25.162415,362.801453,370.178802,381.373260,395.579102,484.924377,447.064697,458.124969,466.021240,646.788574,251.719666,204.262543,51.889027,-147.885513
-419.069092,-393.277191,-379.399841,-452.359741,-412.146759,-430.113037,-436.654327,-476.522308,-502.663208,-479.706787,-479.642517,-461.464417,-53.359169,127.356628,-393.600464,-6.445724,-391.484924,-487.445007,-510.818909,-507.437225,-469.752777,-349.094574,-401.930603,-475.504150,-421.635345,-384.911743,-390.204895,-489.287964,-483.383606,-507.472748,-547.237427,-539.456238,-537.094910,-523.187744,-402.732635,76.174393,157.936417,246.122543,256.491058,324.466675,225.024078,191.824005,150.181427,-180.404144,-393.970032,-392.780548,-438.827087,-436.323853
2629.837402,2639.844482,2657.268311,2624.613525,2736.507568,2773.241455,2781.198730,2796.995361,2765.302002,2743.229736,2745.729736,2734.092041,2999.455078,3062.758057,2726.108643,2960.005127,2773.855225,2719.359131,2727.333252,2697.918945,2657.753662,2722.511963,2657.546631,2697.160156,2728.814941,2742.105469,2747.382568,2754.658936,2755.158691,2792.014160,2723.916992,2720.902832,2721.913818,2688.518311,2740.724365,3068.384766,3048.302246,2943.723633,2841.569580,2871.393555,2869.615234,2864.927979,2941.910156,2861.588867,2698.786133,2670.583008,2653.987793,2661.641846
-27.275330,-48.453583,-62.959896,-84.345757,-222.345764,-269.192017,-300.127472,-342.059692,-323.307007,-296.928497,-330.372650,-213.567535,-153.981720,-89.673645,79.605247,70.285042,73.769089,78.207031,37.549088,18.551620,-14.045746,-63.922428,-161.615570,-270.705383,-298.080261,-334.477478,-353.529846,-359.649597,-348.096344,-359.680817,-203.243591,-175.308029,-152.634613,-151.646194,-213.732971,-123.424919,-52.063568,53.213699,78.809799,75.004410,72.957855,62.881744,61.648277,100.097870,-58.031502,-47.044777,-113.961212,-131.678055
-477.845490,-459.329132,-452.643066,-502.652435,-515.341431,-521.527405,-527.273438,-532.423035,-516.956177,-500.653076,-506.143677,-525.353210,-484.061340,-482.049622,-524.861084,-514.082397,-507.957611,-516.765991,-546.267212,-530.480835,-506.077179,-446.979614,-460.972412,-479.520996,-481.419525,-481.548981,-493.644836,-516.974060,-489.657715,-522.122437,-522.737549,-515.848694,-512.259399,-513.581482,-499.087250,-455.604065,-446.357117,-509.030884,-534.404175,-538.156006,-569.711548,-577.055481,-567.332520,-487.067047,-457.354614,-466.771545,-482.943176,-484.880035
2820.356689,2808.486572,2816.926270,2808.673096,2817.360840,2821.507568,2814.840088,2816.449707,2830.859619,2873.620605,2874.453369,2924.709473,2813.624756,2752.796143,2732.971191,2741.582031,2837.501953,2855.317139,2925.462891,2958.974609,2927.822510,2912.487061,2912.097900,2864.346680,2856.060303,2817.699707,2803.202148,2810.003906,2860.675537,2887.205078,2815.421143,2827.530029,2862.274170,2869.525879,2932.147705,2777.630127,2728.532227,2710.548340,2710.363281,2691.464844,2685.085938,2674.536377,2681.478271,2808.855957,2887.854980,2868.002197,2834.379150,2866.578125
307.520142,184.450470,65.662155,-342.343872,-884.365234,-903.393372,-915.731079,-895.874268,-868.107910,-863.320129,-882.260132,-398.109619,190.514343,281.131989,170.461456,479.124664,691.754150,654.725586,624.999512,606.532593,564.737427,135.210281,-590.791870,-914.374756,-948.461548,-966.519165,-978.469055,-942.905212,-917.858215,-941.471802,-895.949158,-896.533569,-889.538208,-880.556641,-343.015320,298.289612,458.347321,755.471436,826.923584,860.684937,941.608643,993.108765,985.677368,803.474792,155.129868,43.453918,-271.750641,-488.941223
-854.777710,-842.761658,-840.801514,-801.259888,-914.283752,-910.133484,-909.231262,-899.943359,-914.078125,-882.648804,-896.286865,-630.908630,-291.524933,-32.914093,-805.540405,-166.323135,-874.852051,-884.332886,-885.223877,-891.703735,-874.611206,-864.177002,-868.243408,-896.765747,-903.956787,-904.976990,-917.612244,-891.374146,-912.423401,-910.632202,-911.032593,-904.144714,-901.956116,-882.025513,-507.761139,-201.865891,-32.030762,465.759338,564.817688,595.071045,527.830811,437.382324,271.637390,-628.989929,-881.947388,-857.713501,-847.206604,-834.313904
2519.554932,2515.715088,2516.992676,2617.533691,2789.427002,2821.957520,2834.552246,2855.749268,2867.330078,2838.885986,2835.098877,2687.207031,2698.443604,2811.756592,2735.667480,2694.212891,2615.989014,2588.267090,2566.819580,2572.465820,2600.863770,2616.320312,2705.977783,2749.667236,2758.978760,2783.576416,2803.807617,2835.496826,2830.378174,2853.064697,2820.420166,2807.612305,2801.717529,2782.467529,2726.500732,2724.225342,2693.734863,2837.504395,2962.082275,2993.902100,2987.955078,2954.360596,2793.942383,2646.286621,2577.184082,2558.088867,2598.635254,2681.274902
-73.440414,-112.658188,-144.465973,-169.113190,-189.149277,-201.994873,-216.233215,-215.427704,-186.088898,-181.436401,-191.577545,-212.992691,-61.936134,-18.313263,29.627689,19.217724,30.616520,23.542912,-83.762985,-93.721870,-101.574783,-220.386169,-239.462845,-263.159027,-272.722961,-276.162842,-285.387177,-243.644958,-209.794235,-227.682358,-218.075577,-214.670212,-209.979065,-214.845032,-230.006897,-40.925644,-0.076214,23.331223,30.730442,23.525654,25.212154,17.133076,19.639492,45.067566,-171.770996,-164.594406,-167.153885,-204.560791
-875.063599,-873.342285,-881.737915,-934.647339,-921.503296,-922.184509,-920.999756,-915.394592,-937.524658,-906.825928,-924.586304,-920.788574,-895.424927,-898.569092,-911.726196,-914.950562,-920.340271,-898.859680,-894.721680,-904.121826,-878.657227,-891.873169,-920.560669,-920.590332,-925.439453,-922.507935,-933.575256,-915.812256,-934.894409,-936.938721,-927.784424,-920.802917,-918.728149,-914.268188,-915.313110,-916.295288,-920.767456,-939.934937,-941.456421,-930.815918,-936.594360,-932.433289,-922.181274,-922.934937,-904.812378,-905.478516,-888.500000,-917.975586
2651.782471,2657.973633,2674.064941,2717.015625,2831.671631,2836.101562,2830.981201,2830.541260,2865.461914,2865.480469,2871.529541,2759.810791,2687.473877,2683.362061,2738.885498,2730.447754,2740.499268,2744.616455,2696.170654,2697.920166,2698.764648,2794.408447,2855.099854,2836.142090,2831.036865,2815.326416,2812.366943,2811.997559,2864.135986,2866.741699,2842.667236,2837.172363,2856.457275,2855.937988,2803.367432,2683.314209,2688.291748,2708.683105,2714.660400,2705.124756,2712.249512,2706.633545,2708.780029,2742.375977,2735.320557,2712.684570,2712.081299,2735.416260
0.000000,0.000000,0.000000,0.000000,0.000000,0.000000,0.000000,0.000000,0.000000,0.000000,0.000000,0.000000,0.000000,0.000000,0.000000,0.000000,0.000000,0.000000,0.000000,0.000000,0.000000,0.000000,0.000000,0.000000,0.000000,0.000000,0.000000,0.000000,0.000000,0.000000,0.000000,0.000000,0.000000,0.000000,0.000000,0.000000,0.000000,0.000000,0.000000,0.000000,0.000000,0.000000,0.000000,0.000000,0.000000,0.000000,0.000000,0.000000
0.000000,0.000000,0.000000,0.000000,0.000000,0.000000,0.000000,0.000000,0.000000,0.000000,0.000000,0.000000,0.000000,0.000000,0.000000,0.000000,0.000000,0.000000,0.000000,0.000000,0.000000,0.000000,0.000000,0.000000,0.000000,0.000000,0.000000,0.000000,0.000000,0.000000,0.000000,0.000000,0.000000,0.000000,0.000000,0.000000,0.000000,0.000000,0.000000,0.000000,0.000000,0.000000,0.000000,0.000000,0.000000,0.000000,0.000000,0.000000
0.000000,0.000000,0.000000,0.000000,0.000000,0.000000,0.000000,0.000000,0.000000,0.000000,0.000000,0.000000,0.000000,0.000000,0.000000,0.000000,0.000000,0.000000,0.000000,0.000000,0.000000,0.000000,0.000000,0.000000,0.000000,0.000000,0.000000,0.000000,0.000000,0.000000,0.000000,0.000000,0.000000,0.000000,0.000000,0.000000,0.000000,0.000000,0.000000,0.000000,0.000000,0.000000,0.000000,0.000000,0.000000,0.000000,0.000000,0.000000
0.000000,0.000000,0.000000,0.000000,0.000000,0.000000,0.000000,0.000000,0.000000,0.000000,0.000000,0.000000,0.000000,0.000000,0.000000,0.000000,0.000000,0.000000,0.000000,0.000000,0.000000,0.000000,0.000000,0.000000,0.000000,0.000000,0.000000,0.000000,0.000000,0.000000,0.000000,0.000000,0.000000,0.000000,0.000000,0.000000,0.000000,0.000000,0.000000,0.000000,0.000000,0.000000,0.000000,0.000000,0.000000,0.000000,0.000000,0.000000
0.000000,0.000000,0.000000,0.000000,0.000000,0.000000,0.000000,0.000000,0.000000,0.000000,0.000000,0.000000,0.000000,0.000000,0.000000,0.000000,0.000000,0.000000,0.000000,0.000000,0.000000,0.000000,0.000000,0.000000,0.000000,0.000000,0.000000,0.000000,0.000000,0.000000,0.000000,0.000000,0.000000,0.000000,0.000000,0.000000,0.000000,0.000000,0.000000,0.000000,0.000000,0.000000,0.000000,0.000000,0.000000,0.000000,0.000000,0.000000
0.000000,0.000000,0.000000,0.000000,0.000000,0.000000,0.000000,0.000000,0.000000,0.000000,0.000000,0.000000,0.000000,0.000000,0.000000,0.000000,0.000000,0.000000,0.000000,0.000000,0.000000,0.000000,0.000000,0.000000,0.000000,0.000000,0.000000,0.000000,0.000000,0.000000,0.000000,0.000000,0.000000,0.000000,0.000000,0.000000,0.000000,0.000000,0.000000,0.000000,0.000000,0.000000,0.000000,0.000000,0.000000,0.000000,0.000000,0.000000
129.623428,103.678032,78.920540,7.789948,-248.539612,-311.725098,-352.421753,-457.620087,-525.165100,-486.157227,-509.162903,-375.341400,-371.687897,-372.271423,-198.396454,-112.293404,112.453178,280.205536,238.221008,210.884644,152.251083,10.503125,-184.281937,-301.927612,-326.337799,-382.909912,-417.504944,-558.802551,-555.997070,-562.601135,-514.232117,-496.365204,-472.324829,-451.796509,-392.029877,-368.336182,-364.500122,-345.862549,-332.467987,-330.858276,-310.017609,-296.023773,-262.922852,15.285484,96.760788,73.830193,12.158363,-48.622707
363.841858,383.703003,395.282898,386.824371,349.160278,344.524933,337.844666,327.958038,329.141754,345.825378,347.385773,327.486267,349.979797,320.416809,269.848846,313.119720,356.398590,322.546021,284.730164,283.067322,314.137207,397.420654,386.914673,364.892090,362.600769,361.866028,349.149780,332.456665,354.546783,325.117828,281.273743,285.202209,290.093079,300.934692,352.490417,358.310883,330.213074,227.472015,190.163315,177.200333,144.170044,145.345123,176.743774,362.760559,380.576782,382.949524,361.577881,368.391296
2912.503662,2913.542969,2906.270020,2907.368652,2914.644775,2900.858398,2889.154785,2870.215820,2843.705078,2844.622803,2823.157715,2879.509766,2914.876465,2926.714600,2930.645996,2928.142334,2919.413086,2894.392822,2939.742432,2945.151855,2956.280029,2966.920654,2983.662109,2956.943604,2944.702881,2930.030762,2909.475098,2825.067383,2833.013428,2829.082764,2848.505371,2853.486572,2861.507812,2865.095947,2908.041504,2943.785156,2946.486328,2943.771973,2944.177734,2948.749023,2949.468750,2947.022217,2945.557861,2979.786133,2936.609863,2930.688477,2911.247803,2917.591553
116.565399,116.596931,116.631851,116.767677,117.205803,117.267319,117.303497,117.399902,117.700195,117.906494,118.371483,118.998528,119.165321,119.267700,120.002548,120.169785,120.504654,120.702606,121.071716,121.107864,121.170784,121.336693,121.669044,121.874069,121.905968,121.972008,122.006157,122.238373,122.403824,123.073959,123.308037,123.340225,123.373703,123.401222,123.569489,123.774361,123.844719,124.007317,124.074600,124.107384,124.206223,124.275742,124.373001,124.943001,125.908173,125.941925,126.041306,126.142639
