19,47
0.000000,7.000000,0.000000,7.000000,0.000000,7.000000,4.000000,7.000000,-1.000000,4.000000,-1.000000,7.000000,4.000000,-1.000000,4.000000,-1.000000,7.000000,-1.000000,4.000000,-1.000000,7.000000,4.000000,-1.000000,4.000000,7.000000,4.000000,-1.000000,4.000000,7.000000,0.000000,7.000000,4.000000,-1.000000,4.000000,7.000000,4.000000,7.000000,4.000000,7.000000,-1.000000,4.000000,-1.000000,4.000000,0.000000,7.000000,0.000000,7.000000
12.071727,11.160186,5.208233,5.686409,4.988020,4.302157,15.700990,25.721992,27.319660,27.022768,25.384808,18.568123,20.595652,23.462305,25.451061,29.816050,30.997280,29.731544,28.856918,22.707466,12.160385,15.790014,16.923857,18.699505,27.267332,24.570995,23.225206,17.856436,16.239902,6.868756,6.573785,17.857283,24.499546,27.427671,28.355904,30.808142,30.904226,31.021914,30.670183,27.694490,26.099470,25.100332,14.993510,13.523988,12.720593,13.570175,11.106118
23.956398,21.732874,25.633257,25.420521,23.865652,17.766773,11.744537,13.183802,16.057785,20.305998,18.696573,20.114595,8.631491,11.382645,12.401476,18.713091,28.270176,20.030014,19.470041,17.319330,20.490086,11.509356,12.643328,11.184579,13.562575,16.138346,13.652775,16.414856,16.205135,27.404581,24.739084,10.381729,13.911867,17.378222,18.442308,25.691784,21.652594,23.852152,21.644976,15.941491,19.192785,18.940868,18.046057,16.176157,14.870024,17.016174,19.905628
-95.045219,-94.471252,-88.885910,-89.274689,-89.734406,-89.364243,-98.437675,-103.268074,-105.945587,-107.483429,-106.199814,-100.331726,-100.905563,-103.042084,-104.057121,-104.656586,-104.228928,-107.260483,-106.200699,-101.278122,-96.728142,-100.009163,-101.563103,-102.328766,-105.657852,-106.840042,-102.381088,-100.485146,-96.957397,-86.290672,-85.709297,-101.519188,-103.850899,-107.164200,-107.369507,-113.024483,-114.560608,-115.564781,-114.320679,-107.189758,-106.997314,-106.487343,-99.911942,-98.017189,-95.435684,-94.877083,-95.489067
66.114929,68.277534,64.583923,-64.579903,66.139046,72.308067,78.488701,76.816208,-73.952682,69.757462,71.303841,-72.642311,83.087685,79.200592,77.795143,71.290970,-63.229874,69.983093,70.530647,72.684113,69.514252,79.197617,78.366882,80.379669,77.817940,75.389748,76.467209,73.838425,73.797737,62.599789,-65.260971,81.897766,-76.407921,-72.720955,-71.748535,64.561867,70.016464,68.865738,70.046890,74.597237,71.475571,71.865715,77.464134,77.956596,77.183472,74.808006,72.380417
25.276827,23.608984,18.219521,13.647232,11.435886,9.999928,69.596527,94.648788,95.215073,97.670265,100.369881,46.270355,73.578041,84.813591,88.427177,89.542831,85.701172,84.578789,92.297119,95.272812,52.845821,62.360802,70.189384,77.714996,86.758118,91.753937,92.400841,69.880791,56.305988,16.665714,16.368919,62.209328,86.426880,95.289665,87.776779,84.895630,85.046921,84.684425,83.968750,85.895378,94.704369,94.035011,70.587914,67.255318,41.302761,33.932922,25.073568
19.549875,19.434313,23.094002,25.582836,26.064281,26.974230,22.443117,36.593933,38.816364,37.319115,35.876186,27.059982,28.459568,31.731642,35.371300,43.342144,43.034023,40.508793,39.770054,33.216236,17.461519,20.889891,22.147219,24.827894,38.036236,33.595261,33.487873,26.109737,24.484941,22.905102,22.422220,25.187765,31.597155,37.768490,39.145065,40.605782,38.634239,38.832172,38.353943,39.498631,36.305923,34.195942,20.114126,17.802999,15.476396,19.172850,19.383783
98.849609,101.328148,98.192894,95.839561,94.527908,92.501274,51.045799,51.647549,51.472706,48.597279,45.040703,72.460152,51.784939,42.355553,38.157688,48.879196,42.208183,55.555763,47.982983,44.506798,62.311768,58.361118,53.100311,46.485634,48.015141,51.113628,46.607452,47.878979,57.464138,95.250908,93.327019,53.885555,40.761532,38.205372,49.424004,67.992188,71.970215,76.653374,74.283157,67.823936,55.498192,53.887493,58.501984,56.192009,80.083939,94.975136,97.050194
104.680092,101.271332,102.355911,106.037247,105.814339,105.433281,107.360725,126.048599,127.769753,125.822441,123.726334,115.840530,115.301582,119.473763,122.980453,132.751801,132.705139,128.519592,128.167267,123.145798,107.354797,104.972023,106.998703,109.640968,126.480896,120.949478,122.677971,113.064903,112.597549,107.649948,106.513672,108.270866,119.282967,125.027733,126.702713,125.268333,121.315323,121.207634,121.616028,128.490982,124.119209,121.178581,106.798088,105.210922,104.626579,107.887398,102.870972
0.000000,0.000000,0.000000,0.000000,0.000000,0.000000,0.000000,0.000000,0.000000,0.000000,0.000000,0.000000,0.000000,0.000000,0.000000,0.000000,0.000000,0.000000,0.000000,0.000000,0.000000,0.000000,0.000000,0.000000,0.000000,0.000000,0.000000,0.000000,0.000000,0.000000,0.000000,0.000000,0.000000,0.000000,0.000000,0.000000,0.000000,0.000000,0.000000,0.000000,0.000000,0.000000,0.000000,0.000000,0.000000,0.000000,0.000000
-89.999550,-89.999611,-89.999603,-89.999481,-89.999466,-89.999481,-89.999367,-89.999077,-89.999077,-89.999115,-89.999138,-89.999229,-89.999298,-89.999207,-89.999161,-89.999039,-89.998917,-89.999039,-89.999054,-89.999168,-89.999352,-89.999496,-89.999466,-89.999397,-89.999077,-89.999191,-89.999191,-89.999275,-89.999275,-89.999512,-89.999519,-89.999413,-89.999207,-89.999146,-89.999115,-89.999161,-89.999229,-89.999298,-89.999245,-89.999168,-89.999237,-89.999260,-89.999405,-89.999397,-89.999397,-89.999451,-89.999550
118.205383,114.238281,119.673027,120.642220,119.830536,113.927078,122.372345,117.478897,122.825623,125.298561,125.557442,127.518539,115.855858,119.939049,121.220657,127.834572,134.763565,126.840004,126.257088,124.205757,124.644081,115.598274,115.824516,115.584229,119.313080,121.163292,122.048653,124.248543,123.554901,117.652794,112.666946,116.303970,125.460464,125.314667,126.480240,124.999207,119.764648,121.405632,120.690834,122.271385,125.139938,123.706963,120.825935,121.669670,121.310364,120.321571,115.605339
60.706215,58.283096,61.802517,61.927544,62.109417,56.727058,64.229935,71.150299,68.201813,68.159889,68.535095,68.900665,60.604877,63.112408,65.606590,69.787628,70.052498,66.981743,67.043556,67.423607,65.005241,61.162006,60.289478,60.714836,66.045654,71.049232,70.096840,65.718689,66.221710,56.237556,53.783394,65.328491,72.693283,72.191269,72.360130,68.312668,66.255707,65.807602,66.475960,71.594589,72.016632,70.635231,60.664505,60.015949,60.681778,64.613846,59.189751
-8.325296,-7.057663,-12.304530,-10.481956,-9.400988,-9.305841,93.599983,40.262054,72.050888,85.355667,98.215469,58.835159,98.868027,104.095161,103.197182,51.263821,32.793591,61.349018,80.319832,108.463707,58.102089,88.378983,97.097679,103.559631,38.886478,70.434212,103.818604,95.173897,69.017365,-8.471251,-6.872524,85.648827,91.636169,74.134491,50.858807,-34.041832,-35.972271,-38.288406,-37.350803,60.146770,91.902504,99.461205,83.741211,77.636955,31.658276,-16.851263,-10.320414
93.740410,95.981102,102.304451,-100.007294,-97.987572,-95.598083,8.803125,54.202873,24.868561,9.873148,8.460417,42.205475,-8.872411,-19.763309,-23.708063,38.762585,59.941425,37.853054,13.591743,18.508778,36.826008,12.482868,9.790327,-13.603655,54.297146,27.993216,13.883913,14.776731,27.811172,-97.739441,-95.795715,6.633652,-13.641080,-19.815510,39.542107,102.121178,106.271271,111.085594,109.341957,48.358059,10.785946,12.398787,24.591930,25.692091,68.124878,92.188446,95.131271
1.634824,7.488233,-8.578308,-9.201546,-7.748536,-9.180634,11.137685,-18.083633,-21.792810,-22.185488,-19.272179,-10.341893,-7.440968,-10.949004,-14.412942,-25.376585,-24.854128,-21.127028,-21.728317,-26.571268,-17.220436,5.092815,-2.815499,-4.818125,-23.034740,-19.300789,-18.081829,-7.812710,-5.286723,-8.663404,-7.932860,7.157960,-8.651901,-17.142294,-18.476833,-22.700787,-20.518614,-22.630970,-21.213064,-25.017033,-18.580872,-12.626529,3.066884,2.740169,5.224610,2.250120,6.816731
-88.606781,82.896385,98.097221,99.060753,97.399651,98.298454,85.961823,-103.365463,-106.850899,-106.546127,-105.527763,-96.820000,94.174423,100.944366,-104.271675,-111.534492,-108.467255,-108.451424,-108.692490,-109.176140,-102.448624,89.896362,92.251961,94.166664,-107.779427,-104.836151,-102.807854,-96.057304,-93.852623,-98.490112,-97.844368,89.812912,-97.639481,-105.377892,-106.347305,-110.172340,-108.473923,-110.532967,-109.061768,-110.103592,-105.998741,-101.752213,89.495262,89.227402,-86.584808,-89.135277,85.379280
16.871313,14.521414,15.551598,21.593634,22.699326,22.513165,21.929211,32.706898,31.698399,29.621691,29.187372,27.471642,23.456411,26.440498,27.969727,33.318760,41.992023,32.551601,32.584587,28.579733,24.344624,16.424219,17.111284,19.501740,32.010632,26.712568,27.271290,25.307528,25.808485,20.214258,20.496622,19.041739,26.345720,28.010891,29.047777,25.388617,22.120234,19.658266,21.886740,26.649836,23.922100,23.413183,20.522978,21.446812,21.718298,19.018938,15.304466
229.928780,229.956484,230.261750,230.330882,230.360648,230.429317,231.060140,231.329667,231.791974,231.826612,231.868328,232.131514,233.532730,233.602321,233.635817,233.766248,233.801501,234.335128,234.365851,234.500426,234.668695,236.003068,236.039109,236.064172,236.301243,236.796763,236.900933,237.037173,237.103499,237.670377,237.732981,238.436995,238.577328,238.669558,238.706396,238.835039,238.939135,238.976441,239.005322,239.275750,239.339938,239.373173,239.581985,239.602959,239.680998,239.738349,239.801550
