19,41
-1.000000,5.000000,-1.000000,7.000000,5.000000,7.000000,-1.000000,5.000000,7.000000,5.000000,-1.000000,5.000000,-1.000000,5.000000,-1.000000,5.000000,-1.000000,5.000000,-1.000000,5.000000,-1.000000,7.000000,5.000000,7.000000,-1.000000,7.000000,-1.000000,7.000000,5.000000,-1.000000,5.000000,-1.000000,5.000000,-1.000000,5.000000,-1.000000,5.000000,-1.000000,7.000000,-1.000000,7.000000
16.350271,17.546099,19.193928,15.854219,13.146105,15.941752,17.248859,12.960211,9.771391,10.846619,24.737324,23.038887,25.822821,27.868746,29.028402,45.212299,25.598721,21.200754,18.416458,18.036407,18.331388,17.336691,14.266395,9.169712,10.935186,10.412158,11.197407,13.585827,19.363276,12.235641,24.684410,22.984192,24.397358,30.468288,45.678150,14.983224,17.377317,19.171572,17.101126,18.615072,16.301456
16.350271,17.546099,19.193928,15.854295,13.146195,15.941839,17.248940,12.960318,9.771491,8.372852,19.707645,26.431171,33.181293,35.176556,37.577343,44.832611,49.056873,48.501354,18.416782,18.036585,18.331377,17.336805,14.266616,9.169926,10.935295,10.412271,11.197512,13.585886,14.713412,6.222520,10.334129,16.530031,18.754719,31.755913,48.010197,14.983302,17.377329,19.171593,17.101263,18.615213,16.301601
80.136673,78.610062,76.845482,-74.293648,76.863228,-74.078239,-72.765060,77.063850,-80.242867,-79.264793,103.504250,96.718620,71.715446,67.617920,64.580849,44.804562,64.473587,70.166260,79.382149,78.133324,73.236130,-73.089104,75.759109,-80.862015,-81.130745,-81.466385,-80.998444,-79.780815,-72.286224,83.296623,90.668388,89.504150,89.160393,69.332428,62.535629,81.101768,76.659355,74.359344,-72.904297,-71.579826,-74.472519
99.863228,101.389832,103.154411,-105.706429,103.136864,-105.921852,-107.235031,102.936241,-99.757233,-96.939331,75.549255,78.756348,93.069962,94.353134,95.429375,101.860283,105.588921,108.118500,100.618851,101.867180,106.763824,-106.911079,104.241096,-99.138237,-98.869499,-98.533867,-99.001801,-100.219429,-102.121834,83.879623,80.499191,79.471664,80.117455,98.040451,117.244553,98.898224,103.340561,105.640564,-107.095848,-108.420334,-105.527649
37.124763,34.657036,33.919373,15.229608,16.614120,24.999495,29.569843,31.063318,29.196411,28.627275,23.874540,36.633186,30.923975,31.397215,34.006165,36.375729,36.383358,36.305618,45.123665,41.273525,24.722988,16.268318,19.877392,23.918547,27.926538,26.012461,26.073887,26.142944,29.596323,7.073794,10.252559,21.970543,28.251213,29.587908,39.977016,35.708824,32.403709,31.157042,12.071106,15.149761,17.825291
21.677654,17.975002,17.650932,28.408997,25.909554,23.187975,22.711084,16.893351,16.295006,11.903024,43.442310,36.633194,45.731014,31.397209,43.289402,26.119087,61.656376,63.497414,20.694952,17.474831,11.299162,24.867401,22.929617,17.219200,21.226831,21.042847,19.384081,22.673992,12.290965,27.055042,33.844452,40.018070,28.251200,39.357227,38.598019,19.136538,16.882584,17.823763,21.053305,23.635363,21.040592
82.136536,82.418037,84.038033,94.248024,85.655174,79.262566,76.995605,73.518616,77.029945,81.262901,-89.634094,-75.846138,-62.169865,-60.562370,-57.620090,53.739742,55.023109,57.088936,66.574005,72.527321,91.788597,93.965935,78.597000,79.696800,89.991638,91.824471,92.089699,90.473167,85.834862,96.077812,-95.262482,-87.950401,-82.111496,-60.638706,60.552879,80.001541,86.783028,88.372742,86.625610,86.704109,88.604996
68.323494,72.134567,-72.349113,118.408989,115.624313,113.186073,-112.035507,-106.762329,105.990891,94.301987,53.886547,75.846138,45.318275,60.562370,47.692585,79.542252,143.754822,145.672470,69.397820,72.542747,-79.068794,114.855270,112.601196,105.902718,-111.223976,111.009476,-109.367188,112.619598,101.266403,70.173843,66.351112,53.654324,82.111496,51.358517,107.557655,71.681992,73.579651,-72.188858,111.049751,-113.602928,110.652901
0.000000,0.000000,0.000000,0.000000,0.000000,0.000000,0.000000,0.000000,0.000000,39.163418,100.333893,101.299202,104.526428,104.396873,102.042740,102.627876,119.124649,107.608841,-0.668811,-0.541402,-0.288036,-0.068528,-0.039565,-0.000000,-0.000000,-0.000000,-0.000000,0.000000,33.903244,90.774849,106.799187,111.996895,111.483322,98.960709,46.216610,-0.437902,-0.288036,-0.233231,-0.027976,-0.000000,-0.000000
89.992661,89.994591,89.994644,-89.998360,-89.998627,-89.998772,-89.998772,-89.998917,-89.999062,62.366230,27.630552,21.386486,16.599985,16.011335,13.153400,17.995607,-29.128452,-21.342417,-90.531181,-90.450691,-90.285416,90.048637,90.018723,90.006157,90.001572,90.001266,90.001183,89.999954,61.188412,-5.770679,26.872011,32.156239,33.446167,-16.169697,-82.802704,-90.345444,-90.259209,-90.222473,90.008446,90.005127,90.001747
-0.000000,-0.000000,-0.000000,-0.000000,-0.000000,-0.000000,-0.000000,-0.000000,-0.000000,-0.000000,0.000000,0.000000,0.000000,0.000000,0.000000,0.000000,0.000000,0.000000,-0.000000,-0.000000,-0.000000,-0.000000,-0.000000,-0.000000,-0.000000,-0.000000,-0.000000,-0.000000,-0.000000,0.000000,0.000000,0.000000,0.000000,0.000000,0.000000,-0.000000,-0.000000,-0.000000,-0.000000,-0.000000,-0.000000
90.000488,90.000549,90.000626,-90.001022,-90.001022,-90.000969,-90.001015,-90.000992,-90.000862,-90.000267,-89.998886,-89.998749,-89.998718,-89.998718,89.998718,-89.998734,-89.998772,-89.998749,90.000145,90.000290,90.000999,-90.000977,-90.000938,-90.000702,-90.000626,-90.000603,-90.000626,-90.000557,-90.000267,-89.999275,-89.999115,-89.998878,-89.998810,89.998718,89.998726,90.000198,90.000504,90.000671,-90.000755,-90.000580,-90.000351
33.175198,37.579330,36.740009,-14.422105,-3.507215,6.131014,6.686625,6.747588,4.370316,17.870064,15.726902,21.655724,13.254381,11.344495,11.268165,7.590058,-18.304462,-17.821865,44.772873,43.530407,28.677626,10.791730,12.214755,7.027358,-8.366401,-8.676159,-8.321664,2.468073,16.810854,16.217087,15.195873,18.508768,25.650633,12.974913,-7.894015,25.491695,29.411604,27.466524,-0.983773,2.793302,5.191955
63.937775,59.853931,64.418793,103.749329,93.480698,-84.393936,-83.485657,-83.260544,87.100418,-74.817772,-77.994133,-75.692276,-78.392365,-79.973740,-80.543785,-86.117287,-105.572609,-106.612274,47.618595,50.901554,77.695282,89.146378,78.087334,83.518433,94.599480,97.139168,96.995087,87.706360,-76.008835,73.810631,-75.863419,-77.764206,-74.138969,-78.231834,-96.983978,66.427956,66.320717,72.262352,90.549065,-87.454224,-85.146576
19.397472,-13.539824,-17.382954,-6.893526,-7.067912,-5.571196,-3.475193,5.065581,-4.774791,16.849695,13.010229,21.655750,67.953842,11.344495,82.164536,86.534050,5.849653,3.759319,21.646032,15.818128,9.015305,5.269609,-4.845533,-4.066497,-5.668217,-5.457723,4.082743,2.732085,17.930761,8.574347,12.439757,104.079445,25.650616,119.033844,40.456440,29.616756,13.835970,8.999991,-13.811042,-21.963331,-19.690989
-74.239784,-93.762741,-101.549850,-94.665207,97.060341,93.808701,92.173973,88.539215,90.026390,74.331474,77.023727,75.692276,-34.159222,79.973755,-27.748333,3.674930,84.609650,-86.270798,-68.964119,-77.692551,-81.247971,-84.734764,94.763306,93.389519,-92.501579,-93.887825,-89.958786,89.475563,74.381226,-83.358040,79.040726,17.551027,74.138962,-29.582394,-51.766823,-61.146912,-82.099945,-86.973419,-100.463608,-107.131569,-106.799706
-140.452484,-136.923492,-132.010498,55.361652,52.340191,50.518559,53.341919,49.824402,42.864063,17.916336,70.901123,-95.380310,-117.681648,-119.927536,-122.596512,-122.284622,-121.211815,-124.304962,-151.625534,-147.826736,-118.977364,55.174473,45.978951,33.919086,36.893200,35.477238,37.529469,37.139111,23.755480,35.319988,47.093540,72.330627,82.209641,-120.827003,-138.256088,-154.274155,-141.802567,-133.280380,36.570831,30.796629,22.713385
69.927787,70.068095,70.094763,70.700008,70.799811,70.868504,70.899564,70.968008,71.031926,71.567738,71.801682,71.867970,71.969498,71.999227,72.035201,72.171652,72.399237,72.433530,73.968967,74.038175,74.232388,74.668238,74.870029,75.072445,75.503992,75.541021,75.573821,75.867353,76.008520,76.167191,76.201730,76.271927,76.308281,76.468031,76.734684,78.206887,78.338050,78.408688,79.070327,79.141280,79.239004
