19,39
6.000000,-1.000000,0.000000,-1.000000,2.000000,7.000000,-1.000000,0.000000,-1.000000,2.000000,7.000000,-1.000000,0.000000,-1.000000,2.000000,-1.000000,0.000000,4.000000,-1.000000,2.000000,7.000000,-1.000000,0.000000,-1.000000,7.000000,2.000000,7.000000,-1.000000,6.000000,-1.000000,0.000000,-1.000000,2.000000,-1.000000,0.000000,-1.000000,2.000000,-1.000000,0.000000
40.570770,31.421230,23.335955,10.715259,68.141434,62.270267,51.136963,24.500509,19.109871,68.625717,58.963604,48.763557,12.486249,16.570650,86.728493,66.385590,28.124569,13.717688,12.948739,56.840031,59.360687,31.978031,23.230072,12.149842,54.166992,71.143486,58.967010,40.456799,31.766468,31.584902,26.189499,19.673468,54.601173,56.028912,27.475201,13.097215,62.875847,45.499043,26.574802
16.411158,18.212803,19.238773,18.885176,25.198282,21.781841,20.655603,15.796302,23.002131,29.309898,25.464687,26.003099,30.880358,30.920086,33.224838,35.374546,19.652418,26.588305,28.767521,38.511723,21.730873,25.956284,29.097179,24.398109,38.569675,39.563328,22.587790,22.330700,19.808607,19.503569,18.523693,25.303190,37.616119,34.116146,36.450020,24.714642,25.744465,25.863615,18.975348
49.606228,-58.634121,-66.816475,-79.360779,37.210831,39.778034,45.986305,-65.559631,-71.811729,40.035748,41.870731,47.170174,-77.682648,-85.890060,32.270344,36.293766,-61.880669,-88.450928,-84.975159,34.460342,37.283615,58.084927,-68.224716,-78.130135,39.623306,31.113899,41.721409,53.041553,58.259060,-58.439114,-64.131996,-71.173790,37.671017,36.566082,62.549026,-77.353508,31.212681,48.560146,63.872623
74.742500,72.264725,70.911217,72.103577,75.333588,74.213875,73.830284,75.809456,71.996918,68.517456,70.562004,68.818367,69.012970,68.692894,71.152031,62.635185,71.774628,76.047272,75.650414,68.672935,71.355133,70.575111,71.179283,74.191940,68.816795,68.101479,70.314148,71.194084,72.230621,72.702271,75.014603,67.760300,64.814667,66.593170,58.514980,66.875778,71.722122,67.444031,72.159378
17.867960,18.598377,18.945351,17.747223,14.553033,13.602609,14.249741,18.768671,12.621497,16.356445,8.496574,6.205672,9.372910,7.540695,14.276784,11.928396,19.114553,10.608104,9.227117,8.023896,8.320531,4.725136,5.888561,16.545677,9.822450,10.478633,11.195350,14.656264,14.508524,14.955961,16.326015,14.505387,11.395908,10.758209,16.132092,12.517691,16.804642,11.018783,14.758671
12.430257,12.262297,12.398008,13.665270,16.423170,15.586818,15.147200,12.569363,18.421083,18.584730,21.331755,23.424389,24.348284,26.692654,26.652393,27.712112,11.936159,21.802568,24.724922,28.878593,19.578632,24.146902,25.351240,13.548340,28.987667,30.224312,18.845411,14.292382,15.926352,15.146716,12.226452,16.041616,27.121048,20.076664,15.913342,17.832130,14.125816,19.461998,14.143312
82.042511,81.442490,79.736267,80.293404,84.185577,85.057182,84.390816,78.981277,82.519714,77.702591,85.506386,87.814949,82.079964,83.485664,76.429100,78.112381,77.475868,81.138649,81.338882,82.074043,86.187279,86.203178,85.104454,81.385437,80.245941,79.537498,82.250504,80.566315,78.765800,79.071228,80.528946,80.072975,78.789467,84.627434,80.873520,81.779274,81.430527,84.153084,82.048264
98.592171,99.235710,99.847137,98.855728,96.655281,96.839287,97.214821,98.488136,95.988487,92.026337,98.688858,101.100159,96.858307,100.327522,87.605911,95.833511,98.519043,97.444351,97.072678,93.128784,96.543671,97.357750,96.685455,93.881775,87.766251,86.214050,95.982826,93.010712,92.595909,93.583389,93.603271,97.480927,91.037277,92.306061,92.994377,95.251183,92.020424,95.129532,96.456215
112.615311,99.826569,83.584900,110.751762,79.354576,89.628403,104.171265,83.116081,101.744049,78.207657,87.823471,100.765587,94.325668,110.310188,34.543255,80.488052,85.799934,106.515518,119.840355,88.094162,79.487587,106.909889,91.139160,127.197655,82.045219,42.368488,82.519241,103.849472,104.860359,105.485802,91.720711,122.400787,88.370689,100.407219,76.310921,114.583778,87.858803,100.371353,103.667870
34.846622,33.791267,32.927456,20.821524,-44.038345,-41.837254,-36.955807,32.420937,13.075812,-45.178455,-42.119961,-36.191570,7.452825,-20.369375,-62.298946,-41.442440,36.256950,16.716000,-29.887493,-23.896181,-38.247345,-26.491909,15.731978,-40.096539,-44.583115,-63.373215,-39.662193,-31.434238,18.217337,27.477554,33.573761,-32.475334,-30.548025,-35.591827,29.446489,24.583805,-31.702063,-27.052120,14.245398
157.446823,158.596603,159.427231,156.698471,150.553665,154.044296,154.219818,156.292923,151.976364,154.693115,153.590256,153.156311,152.765900,143.511993,149.579590,156.457794,153.066696,139.560791,138.632767,142.100967,151.751892,147.176331,143.936157,145.485596,143.019333,144.178848,155.638229,155.772675,155.565781,154.915268,151.997589,154.113266,147.005325,151.939072,157.615540,159.192612,156.520340,158.489151,159.411728
69.728897,70.664604,71.349976,69.167946,61.236416,65.702133,66.201813,68.934265,64.512573,65.338791,65.100060,64.903084,63.942932,55.036716,59.729691,-66.458984,64.492813,51.552269,50.053387,52.475895,65.793121,61.141750,56.326824,58.999592,53.787109,54.451145,67.550659,67.518089,68.976822,68.511162,66.218803,66.381943,57.369820,62.570610,67.653282,71.135094,67.128899,69.368401,71.722176
-4.275764,-4.188392,-1.609733,-2.221318,0.779591,-3.845067,-4.517093,3.075235,-2.599927,3.785997,-3.848376,-5.170892,4.685838,-4.034928,13.776108,8.926122,1.318637,4.316746,5.969560,8.179109,8.843957,7.079476,-5.819788,1.581029,7.900577,11.246331,6.067663,5.252476,8.576430,-7.878509,-7.724994,4.142220,8.976603,-5.849452,-10.361222,-4.710521,9.541533,-9.165446,-8.007586
-94.227203,94.173157,-91.569801,92.221207,-89.455879,-92.431595,-94.151634,-87.062302,-91.659348,-86.736404,-91.325706,-93.728462,-89.770866,-91.512924,-77.208199,-83.535088,89.625580,-86.922951,-87.000542,-83.490784,-82.566505,-87.341034,-91.905495,89.718796,-83.211159,-79.738510,-87.890266,-89.709702,-89.560593,-91.410912,-92.992592,-87.275406,-83.371780,-92.210098,100.265266,-91.811470,80.482483,-97.837860,-96.681374
-8.174739,-7.914131,-7.680558,-9.258245,-7.817357,-9.495955,-9.711850,9.058051,12.426179,-11.098563,-9.710899,-10.505134,-12.864127,-13.156402,14.819531,-14.587744,-5.452190,12.031425,13.458437,13.081653,7.626813,10.056099,-13.021844,7.137596,13.257538,14.895208,-9.928462,9.518864,14.739917,14.124445,13.250671,-8.305272,12.726129,12.786618,-10.604208,-11.568649,8.202696,-14.436674,-12.429766
92.064743,92.876877,93.655457,93.888710,91.679413,90.033401,90.107178,89.869019,88.302994,91.030121,93.265175,94.791153,93.628876,94.027634,86.894783,94.300247,92.683205,87.837845,88.637665,89.598885,88.191391,88.911308,90.467407,87.006149,85.348724,83.239899,90.861481,87.642464,86.081482,88.351379,86.827583,91.499100,89.180321,87.377884,93.194679,90.102478,84.485687,90.192528,90.343697
44.936497,46.447933,47.531616,45.654015,34.223434,37.937836,40.542080,45.863716,40.632954,35.374546,36.533672,38.395752,35.811836,39.565384,26.033649,36.261322,48.201260,41.341721,38.859985,27.478954,29.729126,32.911568,35.310825,37.028072,25.848719,23.103674,35.843979,37.602020,41.316929,41.972122,41.042191,40.301044,29.338467,31.016361,40.246506,38.878269,29.633152,39.523808,44.146164
44.354404,44.389754,44.424784,44.989530,45.192113,45.687392,45.722290,45.921178,46.455164,46.658765,47.159680,47.198826,47.361315,47.823176,48.062667,48.528053,48.763367,49.093168,49.130720,49.262304,49.764089,49.862996,49.993622,50.536640,50.699708,50.732145,51.260048,51.330077,51.434837,51.460010,51.530022,52.032605,52.131107,52.700833,52.968068,53.469359,53.631775,54.231315,54.335380
